MASS_PLANET_OBS   MASS_PLANET_SIGMA RADIUS_PLANET RADIUS_PLANET_SIGMA PERIOD ENFRAC  H_OBS  H_SIGMA  K_OBS K_SIGMA
17.6 3.4 2.50 0.30 75.5387 9.e-03 -0.01  0.24 -0.10  0.28
 3.2 4.7 1.72 0.21 73.7154 2.e-03 -0.30  0.19  0.01  0.21
21.9 4.6 2.11 0.25  2.7382 2.e-05 -0.09  0.07 -0.15  0.23
13.5 2.7 3.01 0.36 74.3785 4.e-02  0.22  0.07  0.28  0.32
17.8 1.0 2.02 0.24 25.5405 2.e-05  0.09  0.14  0.00  0.31
 3.3 2.9 1.37 0.16  6.9486 2.e-05  0.07  0.09  0.00  0.37
 2.4 3.5 1.98 0.24 25.6140 6.e-03 -0.09  0.12  0.15  0.11
12.0 4.3 1.87 0.22  1.7456 7.e-05 -0.32  0.19  0.31  0.16
10.0 3.8 3.19 0.38 30.5203 5.e-02  0.14  0.19 -0.09  0.36
 2.7 3.9 1.42 0.17 12.7474 3.e-04 -0.08  0.19  0.08  0.28
26.3 1.5 2.19 0.26 79.8111 4.e-05  0.10  0.10  0.02  0.15
21.0 5.2 2.31 0.28 47.6735 1.e-03 -0.18  0.25  0.16  0.11
 6.9 1.4 1.63 0.20  4.9989 1.e-05  0.02  0.18 -0.08  0.15
14.8 3.4 2.73 0.33  1.3483 1.e-02  0.04  0.08 -0.44  0.24
14.2 2.4 1.97 0.24 45.1267 2.e-04 -0.04  0.20  0.20  0.35
 1.8 2.0 1.36 0.16  7.9984 4.e-04  0.23  0.10 -0.01  0.11
19.9 4.9 2.07 0.25 25.0946 1.e-05 -0.12  0.21  0.25  0.24
 2.7 3.2 3.69 0.44 47.8669 8.e-02 -0.20  0.10 -0.05  0.21
11.6 5.0 2.02 0.24 12.8689 7.e-04 -0.34  0.05 -0.04  0.23
 8.1 2.0 1.47 0.18  1.1411 8.e-02  0.01  0.22 -0.04  0.22
19.2 4.1 2.46 0.30 48.3638 6.e-03 -0.11  0.08  0.24  0.30
21.3 5.3 2.11 0.25  9.9261 5.e-05  0.09  0.17 -0.04  0.18
 3.4 3.4 1.77 0.21 23.5356 2.e-03 -0.18  0.08 -0.36  0.25
17.2 5.1 2.01 0.24  8.8004 7.e-05 -0.27  0.18  0.29  0.25
12.1 3.7 1.86 0.22 37.1034 2.e-05  0.03  0.17 -0.16  0.24
 9.4 1.7 1.99 0.24  9.7290 8.e-04  0.22  0.17  0.31  0.32
21.9 3.7 2.12 0.25  3.8247 5.e-05 -0.01  0.20 -0.32  0.20
 6.3 1.0 1.78 0.21 83.1145 8.e-04  0.36  0.07  0.05  0.37
 1.2 5.4 3.15 0.38 48.7183 8.e-02 -0.04  0.23 -0.01  0.28
 5.1 3.8 1.76 0.21 87.0357 1.e-03  0.06  0.08 -0.10  0.17
17.4 2.7 2.01 0.24 68.2004 2.e-05  0.30  0.08  0.27  0.13
 2.2 3.3 1.22 0.15  4.0321 4.e-04 -0.01  0.25 -0.18  0.18
18.6 1.2 2.04 0.24 33.2835 1.e-05 -0.07  0.09 -0.32  0.25
12.2 5.9 1.89 0.23  6.9011 1.e-04 -0.34  0.20  0.11  0.12
10.2 3.0 1.98 0.24 38.0224 1.e-03  0.01  0.24  0.04  0.28
19.9 5.9 2.09 0.25  7.5057 7.e-05  0.04  0.17  0.38  0.37
20.8 3.0 2.36 0.28 90.0128 2.e-03  0.33  0.08  0.20  0.15
 5.1 4.6 1.53 0.18 23.8420 3.e-05 -0.18  0.25  0.00  0.35
14.6 3.3 1.98 0.24 66.1293 3.e-04 -0.37  0.21  0.25  0.21
10.0 2.3 2.15 0.26  9.7441 3.e-03 -0.30  0.14 -0.21  0.38
 6.4 5.3 1.64 0.20 30.2357 1.e-04 -0.07  0.07  0.03  0.33
13.9 4.4 2.10 0.25 14.3929 7.e-04  0.08  0.12 -0.01  0.22
28.3 2.7 2.22 0.27 49.7121 1.e-05 -0.41  0.23 -0.07  0.30
 3.8 5.6 1.47 0.18  3.1963 1.e-04 -0.05  0.06  0.41  0.26
13.5 2.9 1.94 0.23 55.7015 2.e-04 -0.14  0.14 -0.08  0.20
17.3 4.9 2.18 0.26 71.6479 9.e-04  0.13  0.17 -0.03  0.14
 4.7 5.0 1.74 0.21 85.0070 1.e-03 -0.23  0.15  0.24  0.27
 5.3 5.5 1.78 0.21 11.4868 8.e-04 -0.04  0.16  0.03  0.20
 9.4 2.8 1.89 0.23  1.0558 4.e-04 -0.31  0.16 -0.11  0.14
13.6 3.0 1.91 0.23 30.9799 2.e-05 -0.06  0.11 -0.02  0.19
 7.1 1.9 1.74 0.21 10.0595 4.e-04 -0.02  0.24  0.38  0.24
 9.3 1.1 1.77 0.21 36.7663 9.e-05 -0.02  0.23 -0.06  0.15
 6.2 3.5 1.61 0.19  1.7344 3.e-05  0.12  0.12  0.27  0.15
17.0 4.9 2.02 0.24 13.4773 1.e-04 -0.29  0.23 -0.28  0.20
 4.4 5.7 1.46 0.18 37.8525 1.e-05  0.16  0.14  0.09  0.34
 3.9 1.8 1.25 0.15  1.3449 7.e-05  0.22  0.07 -0.34  0.22
21.7 2.7 2.11 0.25 13.3943 3.e-05 -0.07  0.16  0.39  0.18
 3.2 1.6 1.35 0.16 20.3179 2.e-05  0.24  0.19 -0.33  0.36
 3.8 4.9 1.58 0.19 30.6185 5.e-04 -0.02  0.18 -0.08  0.28
 4.7 4.5 1.92 0.23 21.7993 3.e-03 -0.28  0.22  0.32  0.39
 9.6 2.5 2.02 0.24  2.8348 8.e-04 -0.04  0.23  0.35  0.24
 4.8 4.8 2.54 0.30 17.4333 2.e-02 -0.33  0.10  0.21  0.16
 1.5 1.8 1.12 0.13  6.4110 1.e-05 -0.17  0.07 -0.38  0.24
28.2 5.6 2.23 0.27 17.0855 4.e-05 -0.24  0.08  0.36  0.39
 9.1 5.0 3.37 0.40 71.8296 7.e-02  0.08  0.13 -0.35  0.20
11.9 3.0 1.92 0.23  7.8938 3.e-04  0.12  0.08 -0.15  0.27
 6.9 1.1 1.67 0.20 26.3091 2.e-04  0.41  0.08 -0.10  0.23
 4.8 1.3 1.83 0.22 72.3765 2.e-03  0.13  0.22 -0.42  0.16
 2.3 4.9 1.30 0.16  5.3757 2.e-04  0.24  0.15 -0.21  0.20
25.7 5.8 2.76 0.33 16.2829 9.e-03  0.16  0.06 -0.36  0.21
 9.5 4.5 1.97 0.24 44.7369 1.e-03 -0.04  0.14 -0.18  0.22
22.6 2.8 2.13 0.26  4.7885 4.e-05 -0.09  0.25 -0.24  0.35
16.2 4.8 2.00 0.24  3.9801 1.e-04  0.03  0.23 -0.05  0.28
29.0 4.2 2.25 0.27  8.1528 7.e-05 -0.29  0.11 -0.08  0.27
 7.0 4.5 3.75 0.45 41.5504 9.e-02 -0.42  0.06  0.06  0.27
 7.9 1.2 1.69 0.20  7.0562 1.e-05 -0.09  0.22  0.33  0.36
 6.3 5.4 3.28 0.39 10.1814 6.e-02  0.09  0.11  0.05  0.32
11.1 3.4 1.82 0.22  4.6983 1.e-05  0.19  0.25  0.06  0.28
10.5 4.0 2.00 0.24 75.5206 1.e-03  0.03  0.20  0.13  0.12
14.9 1.8 3.34 0.40 12.9744 5.e-02 -0.06  0.09  0.16  0.30
26.0 3.1 2.18 0.26 17.8940 1.e-05  0.28  0.08  0.21  0.18
15.7 2.1 1.96 0.24 59.9353 1.e-05  0.04  0.15  0.14  0.17
10.1 1.2 2.61 0.31  1.4331 1.e-02 -0.25  0.07 -0.03  0.33
 5.1 1.8 3.36 0.40 79.6750 7.e-02  0.00  0.14  0.00  0.12
15.7 1.3 1.96 0.24 64.5687 1.e-05  0.04  0.19 -0.01  0.12
27.6 4.8 2.46 0.30 60.6641 1.e-03 -0.11  0.06  0.23  0.36
23.2 5.9 2.32 0.28 94.0522 9.e-04  0.24  0.12  0.15  0.36
 3.3 1.4 1.84 0.22 78.5979 4.e-03  0.26  0.17 -0.07  0.31
 6.0 4.2 2.12 0.25 37.1111 6.e-03  0.03  0.24 -0.19  0.38
22.0 5.5 2.56 0.31 35.0836 7.e-03  0.41  0.11 -0.05  0.25
 7.4 5.7 1.66 0.20 22.8382 2.e-05 -0.20  0.08 -0.19  0.22
 2.2 3.4 1.34 0.16 28.1853 3.e-04  0.07  0.14  0.06  0.14
 3.0 3.0 2.47 0.30 12.3574 2.e-02 -0.31  0.08 -0.16  0.25
12.5 5.6 1.87 0.22 61.6822 2.e-05 -0.02  0.20  0.03  0.14
10.0 3.4 1.78 0.21 66.9887 2.e-05  0.12  0.21 -0.06  0.13
20.2 3.9 2.18 0.26 98.9380 5.e-04 -0.18  0.20  0.20  0.12
 1.5 1.4 1.12 0.13 20.2654 3.e-05  0.27  0.06 -0.28  0.31
 6.1 2.7 1.60 0.19 94.9124 6.e-05 -0.44  0.24 -0.02  0.23
 3.2 2.2 1.48 0.18  2.1980 6.e-02 -0.27  0.22 -0.20  0.33
14.8 5.5 2.36 0.28  1.2204 1.e-03 -0.21  0.17  0.07  0.38
 7.8 5.6 1.98 0.24 24.5564 2.e-03 -0.05  0.21  0.08  0.20
 9.2 3.6 2.55 0.31 15.3886 2.e-02  0.26  0.08  0.09  0.18
 9.7 1.7 1.77 0.21 18.1402 6.e-05  0.03  0.14 -0.01  0.30
26.6 3.8 2.19 0.26  7.0477 1.e-05  0.09  0.09  0.03  0.28
14.7 2.2 1.93 0.23  6.9088 1.e-05  0.00  0.07  0.00  0.39
 3.2 3.9 1.51 0.18 29.4955 5.e-04 -0.30  0.09  0.05  0.20
 2.3 2.3 1.25 0.15 17.3618 1.e-05 -0.09  0.13  0.03  0.31
 7.4 1.8 1.66 0.20 58.1532 2.e-05 -0.25  0.23 -0.13  0.19
23.9 5.4 2.14 0.26  9.9016 2.e-05  0.27  0.06  0.36  0.15
 6.3 4.3 1.74 0.21 33.1253 6.e-04  0.29  0.16  0.27  0.26
13.2 3.5 2.70 0.32 34.1615 2.e-02  0.08  0.16  0.13  0.28
28.6 3.7 2.25 0.27  3.1608 8.e-05  0.00  0.17 -0.02  0.36
12.7 3.3 1.96 0.24 11.4538 4.e-04 -0.13  0.15 -0.08  0.32
 1.2 5.7 2.03 0.24 53.5269 1.e-02  0.06  0.20 -0.07  0.23
11.1 1.3 1.88 0.23  2.1753 2.e-04  0.27  0.07  0.00  0.38
 6.3 3.4 2.07 0.25 33.6152 5.e-03 -0.26  0.13  0.10  0.20
 3.6 4.5 1.41 0.17 33.8759 2.e-05 -0.13  0.15  0.06  0.22
 2.7 4.8 1.26 0.15  1.7321 1.e-05 -0.08  0.16 -0.42  0.16
27.4 2.1 2.86 0.34 12.4157 1.e-02 -0.13  0.23  0.20  0.18
 7.7 4.7 1.68 0.20  5.1473 1.e-05 -0.18  0.07 -0.14  0.33
25.8 3.3 2.25 0.27  1.5634 2.e-04 -0.05  0.09  0.19  0.31
18.6 4.9 2.34 0.28  4.1372 1.e-03 -0.01  0.06 -0.04  0.21
 7.3 5.5 1.97 0.24 23.3076 2.e-03 -0.03  0.21  0.03  0.21
 1.9 5.5 1.64 0.20 24.7080 1.e-03  0.00  0.14 -0.01  0.27
12.7 5.0 1.88 0.23 12.2479 1.e-05  0.10  0.08  0.19  0.33
12.1 3.7 1.86 0.22 10.7326 1.e-05  0.01  0.15 -0.03  0.28
14.7 2.6 2.65 0.32 51.4728 2.e-02 -0.14  0.12 -0.34  0.36
25.9 1.4 2.20 0.26 55.1968 9.e-05  0.15  0.25  0.30  0.12
24.2 3.8 2.43 0.29  3.0814 1.e-03 -0.41  0.21  0.17  0.23
 7.9 3.2 2.88 0.35  2.4294 3.e-02  0.07  0.07 -0.34  0.12
11.6 1.7 1.84 0.22  3.4486 1.e-05 -0.06  0.15 -0.40  0.37
 7.9 2.9 3.02 0.36 51.6455 5.e-02  0.16  0.13 -0.21  0.18
 5.4 1.5 2.07 0.25 67.3396 6.e-03  0.15  0.17  0.00  0.33
 5.8 2.0 1.63 0.20  2.2305 2.e-04 -0.17  0.22 -0.01  0.13
22.0 5.5 2.45 0.29 26.0711 3.e-03 -0.17  0.12 -0.12  0.22
29.1 3.6 2.30 0.28  8.2589 2.e-04  0.19  0.13  0.12  0.24
10.2 2.2 2.27 0.27 58.5117 7.e-03  0.14  0.07 -0.01  0.20
20.6 5.6 2.40 0.29  8.3973 2.e-03 -0.17  0.11 -0.19  0.16
17.8 2.9 2.21 0.27 79.0869 1.e-03 -0.10  0.14  0.22  0.22
16.6 2.9 1.99 0.24  1.6493 4.e-05  0.04  0.14 -0.03  0.27
26.4 2.3 2.54 0.30 21.4569 3.e-03  0.27  0.07 -0.30  0.27
 9.8 5.1 1.83 0.22  7.0587 2.e-04  0.20  0.08  0.03  0.13
18.2 5.0 2.10 0.25 52.2999 4.e-04  0.15  0.08 -0.02  0.11
 5.4 1.4 2.57 0.31  3.9401 2.e-02  0.08  0.23 -0.13  0.27
 5.3 1.2 1.53 0.18  6.1340 1.e-05  0.16  0.22 -0.15  0.28
 2.0 3.5 1.50 0.18 11.8457 8.e-04 -0.35  0.08 -0.15  0.27
22.3 3.0 2.11 0.25 14.5761 1.e-05 -0.22  0.17  0.22  0.10
16.3 5.8 1.98 0.24  4.6362 1.e-05  0.07  0.17 -0.04  0.11
 2.6 4.1 1.31 0.16 42.7924 1.e-04  0.06  0.19 -0.03  0.14
10.9 5.0 2.89 0.35 39.9044 4.e-02 -0.07  0.15  0.07  0.32
 1.4 5.9 1.10 0.13  4.6277 2.e-05 -0.12  0.21 -0.18  0.38
 2.7 3.8 1.39 0.17 14.6605 3.e-04  0.05  0.19 -0.22  0.18
17.7 3.9 2.02 0.24 17.4462 3.e-05  0.02  0.06  0.13  0.31
18.1 3.2 2.26 0.27 29.4073 1.e-03  0.23  0.12  0.09  0.18
13.1 4.8 1.98 0.24  3.3793 3.e-04  0.08  0.18 -0.01  0.32
 3.9 5.2 2.31 0.28 29.9018 1.e-02 -0.17  0.15  0.20  0.17
26.6 4.3 2.35 0.28 12.9182 6.e-04  0.32  0.20  0.14  0.32
10.4 3.1 1.79 0.21  7.7079 1.e-05 -0.06  0.13  0.05  0.31
 8.8 2.9 1.97 0.24 94.6968 1.e-03  0.19  0.19 -0.22  0.35
 2.5 4.0 1.29 0.15 40.8053 4.e-05  0.26  0.24 -0.35  0.25
 3.8 1.0 2.76 0.33 14.8505 3.e-02 -0.06  0.22  0.13  0.22
24.4 4.6 2.45 0.29  9.1127 1.e-03  0.17  0.22 -0.22  0.33
14.3 4.6 2.32 0.28  1.2428 2.e-03  0.00  0.15 -0.42  0.34
29.3 2.3 2.29 0.27  5.4503 2.e-04  0.24  0.12  0.19  0.23
14.0 3.6 2.86 0.34 14.2804 3.e-02  0.22  0.21 -0.15  0.39
 1.7 6.0 2.99 0.36 41.6306 4.e-02 -0.42  0.19 -0.02  0.39
 7.2 4.9 1.65 0.20 19.2521 3.e-05 -0.06  0.23 -0.19  0.23
19.3 1.6 2.06 0.25 15.0233 2.e-05  0.20  0.11 -0.02  0.31
 2.2 4.4 2.57 0.31 26.3811 2.e-02 -0.05  0.17 -0.09  0.29
11.4 1.1 1.88 0.23 11.0787 2.e-04 -0.04  0.19 -0.05  0.29
 2.7 3.2 1.17 0.14  1.6159 4.e-04  0.11  0.18  0.07  0.33
 3.5 3.8 1.93 0.23 91.0167 7.e-03  0.05  0.12  0.03  0.18
 6.2 3.9 1.62 0.19 16.3607 1.e-04 -0.11  0.19 -0.02  0.27
 4.6 4.2 2.55 0.31 52.2264 2.e-02 -0.22  0.23 -0.18  0.26
11.7 2.7 1.85 0.22  6.5873 3.e-05 -0.09  0.06 -0.11  0.15
11.9 4.6 1.86 0.22  1.9904 4.e-05  0.03  0.15  0.02  0.35
 6.0 1.3 1.59 0.19  2.9606 2.e-05  0.20  0.22 -0.23  0.25
16.2 2.5 2.23 0.27 13.8792 1.e-03 -0.05  0.07 -0.04  0.29
13.6 4.4 2.63 0.32  9.8006 1.e-02  0.35  0.24 -0.12  0.36
22.9 1.8 2.13 0.26 86.5058 2.e-05  0.04  0.11 -0.30  0.31
13.6 5.3 2.26 0.27 85.6930 4.e-03 -0.02  0.06  0.19  0.25
 4.2 3.7 1.52 0.18  1.9926 2.e-04  0.05  0.15 -0.12  0.38
23.7 1.1 3.18 0.38  2.5162 2.e-02  0.00  0.25  0.00  0.38
 2.2 5.3 1.09 0.13  2.2238 1.e-05  0.00  0.20  0.12  0.11
24.8 3.4 2.17 0.26 41.3474 7.e-05 -0.43  0.19 -0.08  0.25
 3.7 2.3 1.41 0.17  7.5825 1.e-05  0.04  0.15 -0.03  0.29
 8.5 3.3 1.74 0.21 30.8686 9.e-05 -0.01  0.18  0.00  0.13
 9.2 2.3 1.92 0.23  7.0190 6.e-04 -0.05  0.14  0.03  0.22
10.7 2.3 1.81 0.22  8.2803 3.e-05 -0.16  0.15 -0.24  0.31
10.6 3.0 1.86 0.22 20.1814 3.e-04  0.25  0.18  0.34  0.25
23.2 3.4 2.41 0.29 41.3336 2.e-03  0.26  0.19 -0.18  0.16
 8.5 1.8 1.72 0.21 39.0595 1.e-05 -0.25  0.13 -0.26  0.38
19.4 3.3 3.91 0.47 10.8316 8.e-02 -0.03  0.21  0.22  0.18
 1.1 3.0 1.72 0.21 30.2791 4.e-03  0.00  0.06  0.00  0.16
 5.9 4.2 1.65 0.20 35.2545 3.e-04  0.05  0.19  0.04  0.28
22.2 2.4 2.12 0.25 51.1736 3.e-05  0.07  0.11  0.00  0.36
15.9 1.9 1.97 0.24  1.4025 2.e-05  0.04  0.19  0.12  0.17
13.6 1.1 1.91 0.23  6.5883 2.e-05  0.23  0.11  0.31  0.20
16.2 2.8 1.99 0.24  1.7055 6.e-05  0.00  0.12  0.03  0.21
 8.4 2.5 1.73 0.21  3.5040 6.e-05  0.03  0.08  0.05  0.19
19.5 5.7 2.06 0.25  3.7843 2.e-05  0.25  0.15  0.10  0.23
 3.0 6.0 2.53 0.30  7.5090 6.e-02  0.15  0.23 -0.14  0.20
 5.4 4.1 1.57 0.19 48.2285 1.e-04  0.06  0.06  0.07  0.31
 4.5 5.0 3.83 0.46 78.8344 1.e-01 -0.01  0.21 -0.01  0.13
27.6 4.3 2.33 0.28 10.0396 4.e-04 -0.38  0.09  0.00  0.29
 2.7 5.4 1.32 0.16  1.9213 8.e-05 -0.01  0.19 -0.23  0.37
13.7 2.0 2.49 0.30  8.1628 9.e-03 -0.12  0.10 -0.11  0.26
 5.2 5.0 1.93 0.23  3.9092 1.e-02  0.12  0.19 -0.14  0.13
 3.1 2.1 1.20 0.14  2.1304 2.e-05  0.30  0.20 -0.13  0.39
10.2 2.0 2.63 0.32 10.7246 2.e-02 -0.06  0.12  0.01  0.34
23.9 1.5 2.17 0.26 13.9458 1.e-04 -0.13  0.16 -0.17  0.19
17.8 4.6 2.07 0.25 22.8873 3.e-04 -0.21  0.09 -0.10  0.31
 8.5 3.5 2.61 0.31  3.2618 4.e-02  0.30  0.17  0.00  0.35
 8.7 4.8 2.41 0.29 43.4532 1.e-02  0.03  0.24  0.28  0.25
29.8 3.6 3.11 0.37  8.6831 2.e-02 -0.10  0.16  0.23  0.15
16.0 1.7 1.97 0.24 90.3558 1.e-05  0.01  0.10 -0.28  0.21
 4.5 6.0 1.50 0.18 61.0452 1.e-04  0.25  0.07  0.20  0.17
 1.5 1.2 1.72 0.21  9.8134 5.e-03 -0.42  0.07 -0.08  0.32
11.5 2.5 1.83 0.22 53.2571 2.e-05  0.00  0.21  0.09  0.14
 9.5 3.8 1.76 0.21  1.8377 2.e-05  0.07  0.20  0.05  0.23
17.3 4.0 3.91 0.47 27.7346 9.e-02  0.13  0.22  0.31  0.24
19.0 5.3 2.05 0.25 25.9148 1.e-05  0.03  0.24 -0.17  0.35
 2.4 4.2 1.31 0.16 12.4854 1.e-04 -0.28  0.05  0.08  0.15
24.2 2.9 2.21 0.27 31.2895 3.e-04  0.18  0.12 -0.01  0.31
10.9 5.3 1.81 0.22 61.1182 2.e-05  0.00  0.18  0.02  0.40
27.9 3.7 2.22 0.27 59.1546 4.e-05  0.05  0.11 -0.03  0.16
 4.6 2.0 3.85 0.46 45.8413 1.e-01 -0.03  0.08 -0.19  0.16
 3.0 5.1 1.78 0.21 34.5905 3.e-03  0.26  0.13  0.07  0.28
10.3 5.4 3.82 0.46  5.6604 8.e-02 -0.37  0.21  0.01  0.40
11.9 4.3 2.10 0.25 88.3457 2.e-03 -0.27  0.23 -0.04  0.16
13.6 5.6 2.28 0.27  4.4901 2.e-03  0.20  0.05  0.37  0.20
23.8 5.3 2.16 0.26 26.8613 1.e-04  0.24  0.13 -0.30  0.16
 5.1 3.2 1.55 0.19 49.7671 2.e-04 -0.11  0.09  0.13  0.24
 9.7 4.9 1.85 0.22 27.1115 4.e-04 -0.03  0.24  0.44  0.29
 7.3 2.0 2.57 0.31  3.1937 1.e-02 -0.27  0.11 -0.14  0.18
 9.0 4.7 1.74 0.21  3.4187 1.e-05  0.02  0.13  0.41  0.36
25.0 3.3 2.33 0.28 15.8651 7.e-04  0.19  0.18 -0.01  0.34
 2.6 3.8 1.28 0.15  6.7172 1.e-05  0.18  0.20 -0.26  0.12
 3.8 1.1 2.87 0.34 53.3897 4.e-02  0.27  0.23 -0.32  0.31
20.3 3.2 2.21 0.27  1.3314 4.e-04 -0.11  0.25 -0.11  0.30
11.1 5.6 2.30 0.28 16.4573 5.e-03 -0.25  0.10  0.08  0.25
 2.3 2.9 1.91 0.23 72.2225 7.e-03 -0.37  0.11 -0.05  0.38
 6.5 2.1 1.62 0.19 13.6398 4.e-05 -0.09  0.12 -0.20  0.26
12.0 3.7 1.67 0.20  1.3826 4.e-04 -0.17  0.09  0.15  0.14
21.0 3.2 2.14 0.26  1.4460 2.e-04 -0.17  0.22  0.11  0.11
11.0 3.4 2.22 0.27 43.9509 5.e-03 -0.02  0.11  0.01  0.26
21.8 5.3 2.11 0.25 15.4911 2.e-05  0.33  0.22  0.15  0.25
 1.3 4.9 1.34 0.16 98.8207 9.e-04 -0.09  0.21 -0.09  0.13
 3.9 3.2 1.43 0.17  5.6386 2.e-05 -0.15  0.20 -0.05  0.17
 1.3 3.6 1.07 0.13  9.4166 2.e-05  0.20  0.17  0.34  0.39
13.1 2.5 2.83 0.34 56.2656 3.e-02  0.05  0.13  0.17  0.21
 1.4 3.5 1.86 0.22 12.8546 6.e-02 -0.36  0.17 -0.03  0.21
14.2 2.6 1.93 0.23  8.3616 4.e-05  0.14  0.07 -0.04  0.26
 2.9 1.9 1.34 0.16  7.8234 4.e-05 -0.03  0.21  0.42  0.21
 7.9 1.5 1.93 0.23  1.0477 2.e-02 -0.38  0.22 -0.06  0.35
17.5 2.3 2.02 0.24  5.5352 7.e-05  0.06  0.18  0.06  0.36
 8.1 1.3 1.74 0.21  1.2174 1.e-04  0.13  0.24 -0.02  0.10
23.1 4.7 2.13 0.26 20.7683 3.e-05 -0.09  0.22 -0.08  0.16
 3.7 4.4 1.50 0.18  2.2894 3.e-03 -0.27  0.13 -0.32  0.11
 3.2 1.2 1.67 0.20 11.1228 8.e-04  0.14  0.14  0.15  0.17
 2.6 3.6 1.06 0.13  2.2624 2.e-03 -0.27  0.07  0.00  0.30
 3.2 5.1 1.44 0.17 85.4957 3.e-04  0.24  0.14  0.25  0.35
24.5 2.2 2.15 0.26 24.1783 1.e-05  0.26  0.07  0.16  0.37
 5.7 2.0 1.68 0.20  1.7500 4.e-04 -0.29  0.07 -0.22  0.11
21.4 4.7 2.10 0.25 23.8527 4.e-05  0.06  0.25  0.11  0.27
27.4 3.1 2.21 0.27 28.9602 1.e-05  0.07  0.17 -0.12  0.23
 3.6 1.2 1.42 0.17  3.4216 5.e-05  0.20  0.11  0.10  0.32
 7.1 5.8 1.69 0.20  8.2663 2.e-04 -0.29  0.20  0.03  0.25
30.0 1.9 2.26 0.27 13.3253 4.e-05  0.21  0.11  0.06  0.25
29.5 4.7 2.25 0.27  1.4000 3.e-05 -0.15  0.20 -0.25  0.34
 5.7 5.3 1.57 0.19  3.9171 3.e-05  0.35  0.07  0.24  0.14
20.2 1.4 2.17 0.26  3.7184 4.e-04 -0.10  0.18 -0.24  0.35
 1.4 4.0 1.18 0.14 16.9631 2.e-04  0.23  0.22 -0.07  0.13
18.3 1.2 2.88 0.35 87.7089 3.e-02  0.11  0.23 -0.27  0.16
 4.8 5.5 1.54 0.18 46.7494 2.e-04  0.36  0.06 -0.26  0.12
23.6 2.1 2.14 0.26  3.7727 1.e-05  0.30  0.23  0.26  0.34
 1.8 2.5 1.21 0.15 18.0186 1.e-04  0.36  0.20  0.11  0.17
24.9 2.2 2.45 0.29 81.9242 2.e-03  0.02  0.24  0.05  0.12
14.3 2.3 1.94 0.23 11.8732 1.e-04 -0.09  0.15  0.01  0.26
24.3 2.7 3.88 0.47 22.9041 8.e-02  0.35  0.12  0.26  0.16
 4.8 4.8 1.94 0.23  5.2612 2.e-03  0.19  0.24 -0.10  0.24
 3.9 4.1 1.42 0.17 27.3099 1.e-05  0.24  0.19 -0.32  0.23
 4.0 5.7 1.44 0.17 38.4438 2.e-05  0.00  0.17  0.00  0.26
 1.7 5.3 1.14 0.14 21.1752 1.e-05  0.21  0.20  0.05  0.39
 5.9 4.5 1.57 0.19 12.3786 1.e-05 -0.02  0.18 -0.23  0.28
 6.9 5.8 2.08 0.25 13.8643 4.e-03  0.23  0.18 -0.23  0.33
 7.8 3.7 1.68 0.20 13.6786 1.e-05 -0.24  0.15  0.05  0.18
10.4 2.3 1.80 0.22  3.2572 4.e-05 -0.06  0.11  0.01  0.14
15.8 3.7 1.96 0.24  7.7318 1.e-05  0.01  0.08 -0.03  0.12
13.5 3.1 1.90 0.23 50.5652 1.e-05 -0.02  0.22 -0.43  0.40
23.6 3.0 2.23 0.27 83.3630 4.e-04 -0.04  0.13  0.03  0.30
10.2 3.6 2.19 0.26  1.8226 1.e-03 -0.25  0.07  0.00  0.20
 1.7 2.4 1.30 0.16 37.5813 5.e-04 -0.22  0.25 -0.27  0.36
 8.2 3.5 2.01 0.24  2.4546 9.e-04  0.32  0.22  0.15  0.37
14.0 3.1 2.29 0.27  8.0832 3.e-03  0.03  0.06  0.01  0.14
 5.2 4.8 2.60 0.31 70.9538 3.e-02 -0.08  0.19 -0.03  0.11
20.6 1.5 3.19 0.38 20.2754 4.e-02  0.29  0.11  0.33  0.29
 2.0 3.8 3.88 0.47 36.1637 8.e-02  0.00  0.25  0.19  0.13
 6.5 3.3 3.26 0.39  9.3583 6.e-02 -0.33  0.18  0.14  0.25
23.3 6.0 2.19 0.26  5.9729 2.e-04  0.10  0.13  0.14  0.20
19.8 2.1 2.38 0.29  2.1278 1.e-03  0.18  0.21 -0.05  0.20
11.0 1.9 2.06 0.25 75.1980 2.e-03  0.02  0.21  0.06  0.18
27.1 3.2 2.22 0.27  8.7924 1.e-04  0.18  0.23  0.14  0.38
10.2 2.9 1.78 0.21  3.1027 2.e-05  0.05  0.08  0.04  0.38
14.4 1.7 1.93 0.23  3.7462 1.e-05 -0.11  0.15  0.11  0.40
 9.5 3.6 2.03 0.24 61.5601 2.e-03 -0.05  0.21  0.02  0.18
12.5 5.5 1.96 0.24 35.5697 4.e-04  0.26  0.23  0.11  0.17
 7.0 1.0 2.50 0.30 30.3503 2.e-02  0.03  0.23 -0.01  0.29
 4.8 3.8 1.52 0.18  5.3553 8.e-05 -0.02  0.12 -0.02  0.16
 1.5 5.2 1.98 0.24 10.1137 2.e-02 -0.29  0.14  0.23  0.34
11.0 1.4 2.22 0.27  9.6304 3.e-03 -0.25  0.17 -0.07  0.31
 6.8 5.0 1.78 0.21 20.5844 6.e-04  0.32  0.07 -0.09  0.33
 6.3 4.9 1.60 0.19 33.4456 2.e-05  0.13  0.10 -0.27  0.22
28.1 5.0 2.69 0.32 10.2836 5.e-03  0.04  0.15 -0.30  0.27
12.0 1.6 1.85 0.22 64.9937 1.e-05  0.11  0.20 -0.13  0.11
24.9 4.5 3.38 0.41 18.6645 5.e-02  0.11  0.24 -0.23  0.10
15.9 2.7 2.37 0.28 36.4160 5.e-03 -0.12  0.25  0.16  0.29
15.4 2.6 2.55 0.31  6.8367 1.e-02 -0.14  0.21  0.29  0.11
29.4 5.0 2.24 0.27  9.2275 1.e-05  0.03  0.16  0.04  0.26
15.8 1.9 1.97 0.24 49.0432 4.e-05 -0.25  0.08 -0.10  0.21
 9.5 4.3 1.76 0.21 95.7970 4.e-05 -0.16  0.22  0.24  0.25
10.9 2.7 1.81 0.22  6.7817 1.e-05  0.10  0.24  0.20  0.32
24.3 4.3 2.16 0.26  3.6793 5.e-05 -0.42  0.16  0.12  0.30
24.8 3.6 2.16 0.26 97.6156 2.e-05  0.09  0.06 -0.25  0.31
 5.7 5.7 2.02 0.24 38.1952 4.e-03 -0.12  0.11  0.02  0.10
 1.9 4.6 1.51 0.18  9.8655 3.e-03  0.06  0.19 -0.29  0.39
13.5 1.2 1.90 0.23  5.0833 1.e-05 -0.03  0.16  0.07  0.25
21.9 1.7 2.17 0.26 34.6652 3.e-04  0.05  0.12  0.13  0.22
10.1 6.0 2.09 0.25 20.6039 2.e-03  0.14  0.14  0.33  0.37
18.8 3.7 2.04 0.24 34.1290 1.e-05 -0.27  0.18 -0.02  0.30
22.7 2.8 2.15 0.26 61.5260 1.e-04  0.01  0.15 -0.38  0.29
29.8 5.2 2.25 0.27 22.2324 2.e-05  0.06  0.23  0.04  0.35
27.6 3.0 3.51 0.42 50.6683 5.e-02  0.13  0.21  0.22  0.32
 6.1 2.4 1.62 0.19  1.2029 1.e-04 -0.02  0.10 -0.15  0.27
24.7 2.2 3.58 0.43 46.8203 6.e-02  0.00  0.06  0.00  0.37
 1.2 4.8 2.36 0.28 47.3498 1.e-02 -0.05  0.25 -0.02  0.26
 5.1 5.3 1.52 0.18 22.9405 2.e-05  0.12  0.17 -0.02  0.34
 3.3 2.2 1.37 0.16  9.3409 2.e-05 -0.13  0.13  0.26  0.33
 4.9 1.4 1.65 0.20 45.7614 5.e-04  0.05  0.22 -0.24  0.27
 4.7 4.8 1.63 0.20  5.0587 4.e-04  0.16  0.17 -0.17  0.16
 1.8 1.9 1.31 0.16 34.0807 4.e-04  0.07  0.23 -0.43  0.21
 4.2 4.6 1.92 0.23 11.5479 3.e-03  0.08  0.21  0.04  0.13
 2.9 5.6 1.32 0.16 28.1299 1.e-05 -0.14  0.24  0.30  0.35
 8.5 1.5 2.77 0.33  5.5174 2.e-02  0.04  0.17  0.23  0.37
13.3 2.0 1.90 0.23 28.5280 1.e-05  0.21  0.12  0.00  0.35
 3.8 5.4 1.43 0.17 15.3891 5.e-05  0.12  0.25 -0.42  0.40
 7.9 2.3 1.69 0.20  2.2437 1.e-05 -0.05  0.08 -0.03  0.35
28.9 4.3 3.68 0.44  2.9178 5.e-02 -0.14  0.16 -0.23  0.13
 8.2 2.9 1.70 0.20 35.8739 2.e-05  0.24  0.24 -0.15  0.35
13.1 4.5 1.91 0.23 24.6398 7.e-05 -0.20  0.12  0.02  0.31
24.3 3.5 2.66 0.32 10.1869 7.e-03  0.11  0.15 -0.13  0.22
20.7 4.8 2.09 0.25 18.4989 1.e-05  0.21  0.10 -0.11  0.35
12.7 5.6 1.89 0.23  1.7668 4.e-05  0.07  0.17 -0.19  0.18
 1.6 1.0 3.89 0.47 56.9394 9.e-02  0.00  0.24 -0.03  0.10
18.9 4.6 2.04 0.24 29.6153 1.e-05 -0.20  0.13 -0.10  0.33
 2.8 4.0 2.03 0.24 24.9711 7.e-03  0.41  0.13 -0.10  0.30
12.1 2.5 1.93 0.23 13.7927 3.e-04 -0.10  0.08 -0.05  0.17
29.9 1.2 2.28 0.27  6.5463 1.e-04  0.16  0.10  0.17  0.31
 8.1 4.1 1.72 0.21 25.7727 1.e-04  0.02  0.20  0.42  0.23
 7.7 5.4 2.70 0.32  9.6068 2.e-02  0.19  0.15 -0.19  0.40
 1.9 2.6 1.18 0.14 18.6842 1.e-05  0.12  0.19  0.03  0.25
 4.9 3.3 2.30 0.28 10.2254 1.e-02 -0.11  0.23  0.15  0.25
 6.8 4.7 3.01 0.36  7.8167 4.e-02 -0.12  0.08 -0.05  0.21
14.7 4.4 2.68 0.32 18.5678 2.e-02 -0.19  0.08  0.11  0.18
 3.8 1.5 1.73 0.21 78.7375 2.e-03  0.02  0.21 -0.02  0.18
 6.8 3.1 1.63 0.20  9.9526 2.e-05  0.40  0.12  0.04  0.21
 8.9 3.2 2.18 0.26  2.2301 2.e-03 -0.16  0.12 -0.09  0.24
11.2 4.9 3.02 0.36 58.0247 4.e-02  0.19  0.09 -0.03  0.12
 3.0 4.3 1.69 0.20 12.5306 1.e-03 -0.19  0.21 -0.02  0.30
 7.6 3.9 2.90 0.35 38.9901 4.e-02  0.02  0.14 -0.08  0.21
 4.0 5.9 2.66 0.32  7.6350 6.e-02  0.29  0.23  0.08  0.30
 8.1 5.5 1.71 0.21 13.3844 5.e-05 -0.01  0.16 -0.01  0.15
 5.2 6.0 1.53 0.18  3.3485 1.e-05  0.14  0.20 -0.42  0.34
 1.3 2.1 1.91 0.23 54.1650 7.e-03  0.04  0.15 -0.03  0.30
14.7 2.5 1.97 0.24  1.0124 1.e-04  0.02  0.24  0.08  0.26
 1.6 5.5 1.96 0.24 19.5498 2.e-02  0.00  0.08  0.00  0.30
 1.8 5.6 1.19 0.14  5.4410 6.e-05 -0.07  0.18  0.19  0.33
26.8 2.5 2.20 0.26 65.6509 2.e-05 -0.39  0.13 -0.01  0.12
13.8 2.5 2.15 0.26 20.3995 1.e-03  0.23  0.21 -0.10  0.25
 6.7 1.6 2.03 0.24 45.9485 4.e-03  0.02  0.12 -0.06  0.31
21.7 2.9 2.32 0.28  4.3365 9.e-04 -0.01  0.21 -0.03  0.26
25.2 1.4 2.18 0.26  1.3908 5.e-05 -0.10  0.19 -0.38  0.31
 6.4 4.2 1.61 0.19 67.5831 3.e-05  0.25  0.24  0.24  0.33
 1.1 2.1 2.00 0.24 19.9181 5.e-02  0.39  0.19  0.21  0.15
22.9 1.2 2.13 0.26 77.1053 1.e-05  0.03  0.12 -0.08  0.26
 9.7 5.2 1.78 0.21 44.4099 1.e-04  0.06  0.18 -0.01  0.19
15.6 4.6 1.96 0.24  6.3292 1.e-05  0.26  0.13 -0.25  0.23
12.4 2.8 2.05 0.25  9.6902 7.e-04 -0.02  0.14 -0.20  0.36
 9.8 2.4 1.77 0.21  5.0328 2.e-05  0.38  0.08  0.17  0.20
23.9 4.1 2.14 0.26  2.9871 1.e-05 -0.01  0.10 -0.11  0.38
 2.1 5.4 1.18 0.14  1.8321 1.e-03 -0.20  0.14 -0.32  0.28
15.3 2.3 2.26 0.27  3.9383 1.e-03 -0.34  0.23  0.15  0.17
 3.2 2.6 1.36 0.16 57.2574 4.e-05 -0.03  0.07  0.03  0.39
 3.5 2.7 1.72 0.21 46.1252 2.e-03 -0.12  0.15 -0.01  0.20
10.1 5.3 1.78 0.21 17.4496 1.e-05 -0.01  0.12 -0.09  0.34
15.2 2.1 1.95 0.23 18.7770 3.e-05 -0.09  0.06  0.13  0.25
16.1 5.0 1.98 0.24 27.0804 4.e-05 -0.09  0.10  0.15  0.35
 3.2 5.1 1.12 0.13  2.0600 7.e-02 -0.17  0.17 -0.24  0.17
22.4 2.4 2.17 0.26  4.1591 2.e-04  0.04  0.18  0.06  0.12
22.4 1.5 2.12 0.25  2.6151 4.e-05 -0.26  0.14  0.04  0.19
21.5 1.9 2.75 0.33 22.3280 1.e-02  0.16  0.24  0.33  0.32
29.2 3.9 2.24 0.27  6.5252 1.e-05 -0.13  0.10 -0.04  0.17
 2.3 4.9 1.29 0.15  2.8284 8.e-04  0.10  0.10 -0.14  0.33
22.9 5.8 2.12 0.25  3.5231 1.e-05  0.10  0.16 -0.02  0.21
 6.5 1.5 1.68 0.20 25.5142 3.e-04 -0.11  0.17 -0.09  0.24
 6.2 3.4 1.60 0.19 12.8375 4.e-05  0.11  0.18 -0.08  0.23
 2.6 5.7 1.32 0.16 21.0624 8.e-05 -0.02  0.16 -0.03  0.11
28.3 5.5 2.22 0.27 47.9469 1.e-05 -0.26  0.19  0.02  0.27
 1.1 3.5 1.11 0.13  4.8672 2.e-04 -0.39  0.21  0.11  0.34
 1.3 1.4 2.11 0.25 21.6826 7.e-02 -0.32  0.09  0.18  0.17
19.2 1.3 2.05 0.25 24.1564 1.e-05  0.14  0.18  0.24  0.33
17.0 1.3 3.14 0.38 22.1349 4.e-02  0.24  0.16 -0.36  0.24
19.9 3.4 2.91 0.35 64.4433 3.e-02  0.32  0.11 -0.27  0.36
 1.6 5.3 1.29 0.15 95.0726 6.e-04  0.02  0.17  0.03  0.27
 7.0 3.3 2.11 0.25 59.0437 6.e-03  0.05  0.13 -0.03  0.13
 9.0 3.4 2.24 0.27  2.2552 3.e-03  0.18  0.07  0.20  0.19
 7.0 3.0 2.33 0.28 13.0761 1.e-02  0.05  0.14  0.03  0.32
 7.9 2.3 1.68 0.20 84.3671 1.e-05  0.12  0.25  0.04  0.36
 2.6 5.5 1.46 0.18 93.7208 7.e-04  0.00  0.09 -0.04  0.15
21.1 5.4 2.09 0.25 19.5319 1.e-05 -0.25  0.22 -0.02  0.12
26.3 2.6 2.80 0.34  1.1290 5.e-03 -0.03  0.24  0.01  0.28
18.6 3.9 2.20 0.26 82.9389 8.e-04 -0.33  0.07 -0.02  0.20
 2.6 3.7 1.56 0.19  5.8479 7.e-04 -0.11  0.08  0.41  0.34
 1.6 4.5 1.85 0.22 57.0561 7.e-03 -0.08  0.12  0.23  0.31
 1.3 2.1 1.08 0.13  2.0690 2.e-04 -0.03  0.14  0.04  0.22
11.5 4.7 1.87 0.22 50.3527 2.e-04  0.37  0.13  0.05  0.26
11.3 1.7 1.83 0.22 70.9503 1.e-05  0.00  0.08  0.00  0.22
 6.4 1.4 1.60 0.19  3.0862 2.e-05  0.14  0.06  0.01  0.33
11.9 1.7 1.85 0.22 19.0271 2.e-05  0.05  0.14  0.18  0.18
 4.7 1.4 1.50 0.18 12.9222 5.e-05 -0.16  0.10  0.26  0.22
 5.6 4.1 1.56 0.19 44.9610 1.e-05  0.05  0.09 -0.04  0.30
13.1 3.6 2.26 0.27 14.9012 4.e-03 -0.01  0.21  0.06  0.22
 5.2 5.4 1.61 0.19  2.5115 2.e-04 -0.02  0.17 -0.09  0.17
15.2 3.1 2.11 0.25 38.4688 8.e-04  0.40  0.24  0.15  0.35
 6.6 5.3 2.26 0.27 36.3866 1.e-02  0.00  0.07 -0.01  0.20
12.2 1.3 1.86 0.22  1.1739 2.e-05  0.08  0.20  0.24  0.22
15.1 5.1 1.95 0.23  3.1957 2.e-05 -0.16  0.14  0.06  0.38
16.5 2.0 1.98 0.24 47.8086 4.e-05  0.00  0.07  0.00  0.30
25.5 2.9 2.59 0.31 13.6259 5.e-03  0.01  0.11  0.00  0.23
21.9 1.6 2.11 0.25 50.8216 1.e-05  0.26  0.10 -0.07  0.24
 5.0 1.1 2.33 0.28  1.1698 2.e-02  0.04  0.07  0.06  0.33
20.2 2.7 2.39 0.29 12.3221 2.e-03  0.00  0.15  0.01  0.22
 1.8 1.5 1.46 0.18  9.6742 8.e-04 -0.20  0.22 -0.19  0.15
21.9 3.2 2.60 0.31 12.5267 7.e-03  0.01  0.06  0.02  0.19
 1.2 4.7 2.92 0.35 37.4321 4.e-02  0.00  0.08  0.01  0.27
 4.4 1.1 1.57 0.19  1.3767 7.e-04 -0.13  0.08 -0.06  0.21
 6.1 2.9 1.65 0.20 80.6971 3.e-04 -0.06  0.12  0.44  0.16
 8.3 2.1 2.44 0.29 18.5228 1.e-02 -0.13  0.24 -0.39  0.28
 5.6 1.9 2.21 0.27 19.0765 9.e-03 -0.06  0.08  0.02  0.16
14.8 5.5 2.03 0.24 13.3905 4.e-04 -0.02  0.14  0.10  0.29
 2.0 2.8 1.54 0.18 27.1583 1.e-03  0.35  0.10  0.02  0.10
 4.0 1.9 2.14 0.26 33.5341 8.e-03  0.28  0.21 -0.30  0.34
13.1 1.5 3.26 0.39  3.0926 4.e-02  0.00  0.13  0.00  0.22
22.4 2.6 2.15 0.26 53.9626 2.e-04  0.16  0.08 -0.02  0.29
15.5 5.3 1.96 0.24  1.8713 1.e-05  0.01  0.06  0.31  0.15
15.3 5.4 1.95 0.23 95.0969 2.e-05  0.05  0.20  0.13  0.30
 1.3 2.6 3.08 0.37 86.0086 4.e-02  0.25  0.15  0.36  0.35
 5.1 1.7 1.52 0.18 18.0094 1.e-05 -0.06  0.17 -0.35  0.24
 3.6 5.7 1.98 0.24  6.8566 4.e-02 -0.12  0.05  0.00  0.18
17.1 1.3 2.00 0.24 57.1977 1.e-05  0.44  0.08 -0.07  0.23
13.6 2.7 2.11 0.25  6.3611 7.e-04  0.07  0.23  0.00  0.22
 2.7 3.6 1.65 0.20  4.4151 5.e-02 -0.11  0.06  0.20  0.18
 2.3 2.4 2.57 0.31 16.6776 3.e-02 -0.10  0.06 -0.13  0.12
29.9 3.6 2.25 0.27 57.7407 1.e-05 -0.03  0.09  0.00  0.34
 5.6 5.2 1.56 0.19 67.4847 2.e-05 -0.09  0.13 -0.19  0.16
26.8 2.0 2.50 0.30 11.4649 1.e-03  0.01  0.19 -0.18  0.13
29.8 2.0 2.25 0.27  4.7182 2.e-05  0.21  0.25  0.17  0.24
 4.3 2.1 1.97 0.24  6.7021 3.e-03  0.20  0.10  0.19  0.20
 2.0 5.5 2.44 0.29 16.7294 2.e-02 -0.06  0.06  0.32  0.39
21.8 5.0 2.22 0.27  3.6802 4.e-04 -0.28  0.14 -0.10  0.19
 7.4 2.1 1.69 0.20  1.5350 8.e-05  0.06  0.17 -0.27  0.29
20.6 1.4 2.53 0.30 65.6545 7.e-03 -0.28  0.14  0.31  0.17
 4.4 4.5 1.47 0.18  3.3761 2.e-05  0.31  0.13  0.18  0.20
28.8 5.3 2.27 0.27 96.8133 2.e-04  0.09  0.11 -0.04  0.18
 8.4 4.3 3.71 0.45 76.9672 1.e-01 -0.32  0.09 -0.22  0.21
 6.9 3.7 2.29 0.27 34.3202 1.e-02 -0.15  0.14  0.23  0.19
 8.4 4.8 2.00 0.24 15.2462 2.e-03  0.25  0.17 -0.20  0.33
 6.0 1.1 1.58 0.19  2.3874 1.e-05 -0.32  0.12 -0.23  0.24
 4.0 3.3 1.83 0.22 80.7867 3.e-03 -0.14  0.22  0.22  0.36
 4.9 5.3 1.43 0.17  1.8725 3.e-02  0.02  0.10  0.01  0.28
21.6 1.4 2.11 0.25  9.1107 3.e-05 -0.33  0.22  0.18  0.20
21.5 2.6 2.21 0.27  4.3762 4.e-04 -0.09  0.15  0.13  0.23
 9.8 1.6 2.05 0.25  7.6481 1.e-03  0.00  0.09 -0.26  0.22
20.5 2.5 2.10 0.25 12.8843 1.e-04  0.00  0.09  0.00  0.38
 7.6 5.2 1.67 0.20  6.3033 1.e-05 -0.11  0.11  0.30  0.19
26.6 5.2 3.01 0.36 10.1390 2.e-02  0.00  0.08  0.01  0.38
 7.7 4.5 1.74 0.21 10.1225 2.e-04 -0.16  0.12  0.10  0.22
12.0 4.0 3.25 0.39 32.4664 5.e-02  0.22  0.19  0.09  0.17
11.4 2.4 3.39 0.41 14.8709 6.e-02  0.23  0.16  0.36  0.21
 1.7 1.9 1.95 0.23 19.4717 7.e-02  0.19  0.19 -0.05  0.12
25.9 2.0 2.19 0.26 83.2963 6.e-05  0.05  0.06 -0.18  0.19
10.4 4.0 1.79 0.21  2.2702 1.e-05 -0.18  0.07  0.29  0.28
 6.4 1.4 1.94 0.23 14.8244 1.e-03 -0.19  0.22  0.38  0.29
 3.2 2.3 1.36 0.16 31.5258 2.e-05 -0.03  0.22  0.06  0.22
 1.2 2.5 1.09 0.13  8.1584 8.e-05  0.30  0.07 -0.22  0.11
23.9 1.6 2.16 0.26  6.0835 6.e-05  0.26  0.19 -0.11  0.40
15.4 3.1 2.31 0.28  3.4327 1.e-03 -0.03  0.15 -0.09  0.27
 6.6 2.3 1.80 0.22  6.1351 6.e-04 -0.39  0.21  0.08  0.13
 2.9 1.8 1.01 0.12  2.0917 7.e-04 -0.09  0.10 -0.14  0.26
 1.0 2.0 1.00 0.12 11.1270 1.e-05  0.03  0.07 -0.01  0.27
17.2 1.8 3.13 0.38 79.0747 4.e-02  0.01  0.07 -0.01  0.33
 5.3 5.4 1.54 0.18 21.4262 5.e-05  0.20  0.11 -0.08  0.31
16.0 5.0 2.39 0.29 25.6949 5.e-03  0.01  0.16 -0.05  0.26
28.6 5.4 2.27 0.27  1.5322 1.e-04 -0.42  0.16 -0.06  0.36
 5.9 3.8 1.62 0.19  2.4871 2.e-04  0.17  0.08  0.04  0.23
 7.9 2.8 3.83 0.46  9.1133 9.e-02  0.26  0.12  0.12  0.15
 3.5 4.0 1.39 0.17 46.8659 1.e-05 -0.25  0.24 -0.32  0.28
24.2 3.2 2.55 0.31  1.4700 3.e-03  0.22  0.21  0.20  0.12
20.1 3.9 2.43 0.29  2.2083 2.e-03  0.02  0.07 -0.05  0.24
13.1 1.4 2.34 0.28 61.2411 7.e-03 -0.06  0.18 -0.12  0.11
 6.0 5.9 1.58 0.19 19.7316 2.e-05 -0.01  0.23 -0.06  0.35
 9.5 5.9 2.05 0.25 12.7488 1.e-03 -0.03  0.12  0.35  0.38
 1.1 2.6 1.03 0.12  2.8241 3.e-05  0.28  0.23 -0.02  0.39
 3.4 4.8 1.39 0.17  2.7926 3.e-05 -0.14  0.07  0.06  0.20
20.1 3.9 2.15 0.26 55.2341 4.e-04 -0.30  0.17  0.26  0.20
 2.0 3.1 3.31 0.40 18.4098 8.e-02  0.04  0.22  0.33  0.15
18.0 3.3 2.02 0.24  2.1648 1.e-05 -0.35  0.14  0.11  0.15
 6.9 5.5 1.92 0.23  4.9398 9.e-04 -0.11  0.17  0.30  0.32
16.3 3.6 1.99 0.24  7.5147 5.e-05 -0.14  0.19  0.18  0.37
 2.5 2.4 2.71 0.33 73.1728 3.e-02 -0.05  0.22 -0.06  0.20
16.1 4.5 1.97 0.24 68.9333 1.e-05 -0.27  0.08 -0.09  0.33
18.2 4.6 2.03 0.24 15.7290 1.e-05  0.11  0.23 -0.10  0.24
14.7 1.2 1.94 0.23  2.0365 2.e-05  0.09  0.21 -0.03  0.34
 5.7 2.1 2.00 0.24  4.4156 2.e-03  0.26  0.20  0.16  0.18
 3.3 5.5 1.60 0.19 10.9685 6.e-04 -0.20  0.15  0.33  0.21
 4.3 5.4 1.46 0.18  3.1698 1.e-05 -0.06  0.18  0.44  0.14
20.7 5.7 3.14 0.38  7.2953 3.e-02  0.07  0.23 -0.01  0.15
22.7 5.7 2.30 0.28 20.5158 8.e-04  0.03  0.20  0.03  0.27
15.2 2.5 2.07 0.25 37.4903 6.e-04  0.19  0.20 -0.13  0.13
10.5 3.2 1.81 0.22 20.5610 7.e-05 -0.06  0.18  0.16  0.34
15.3 2.7 1.95 0.23  6.1653 2.e-05 -0.12  0.07 -0.01  0.31
 5.1 5.3 1.57 0.19 63.8219 2.e-04 -0.17  0.21 -0.32  0.29
 4.9 4.5 1.66 0.20 13.0505 6.e-04 -0.01  0.16 -0.03  0.28
22.7 5.4 3.97 0.48 11.5150 8.e-02  0.00  0.20  0.00  0.25
 3.0 2.4 1.66 0.20 11.2306 1.e-03  0.27  0.19  0.15  0.37
 1.9 1.4 2.30 0.28 22.9146 3.e-02 -0.17  0.05  0.16  0.15
 3.3 2.4 2.98 0.36 11.5361 5.e-02 -0.40  0.20  0.16  0.32
 1.9 2.6 1.23 0.15  3.2148 1.e-04  0.36  0.14 -0.13  0.30
18.9 3.3 2.04 0.24  8.1030 1.e-05  0.37  0.07  0.00  0.14
 3.9 1.8 1.43 0.17 11.5293 4.e-05  0.03  0.11  0.07  0.13
 5.9 3.3 3.13 0.38 32.8797 6.e-02  0.12  0.22 -0.14  0.11
 2.4 2.7 1.26 0.15  7.1540 1.e-05  0.22  0.10  0.02  0.27
 4.5 3.7 2.07 0.25 10.5802 1.e-02  0.02  0.05 -0.01  0.32
 8.2 4.0 1.70 0.20 68.1962 2.e-05 -0.21  0.15 -0.39  0.13
 5.1 5.0 1.41 0.17  1.2236 3.e-04  0.45  0.16  0.04  0.31
11.9 3.4 1.91 0.23  5.1839 2.e-04 -0.12  0.13 -0.04  0.11
 5.8 2.9 1.96 0.24 91.7436 4.e-03  0.29  0.09 -0.10  0.28
 8.2 5.6 1.71 0.21 45.1591 6.e-05 -0.14  0.17  0.10  0.39
15.4 1.4 1.95 0.23  7.4920 2.e-05  0.00  0.08 -0.01  0.38
 2.6 2.8 1.67 0.20  6.6483 6.e-03 -0.36  0.18 -0.14  0.34
27.4 3.8 2.21 0.27 11.1798 1.e-05 -0.02  0.11  0.09  0.18
 3.2 5.4 1.26 0.15  1.0200 6.e-05 -0.41  0.22 -0.12  0.18
20.1 2.6 2.97 0.36 29.2680 3.e-02  0.00  0.07 -0.15  0.39
 2.2 4.9 1.76 0.21 13.2136 2.e-02  0.15  0.20 -0.10  0.39
22.7 5.8 2.53 0.30 22.3485 4.e-03 -0.02  0.21  0.10  0.38
 1.6 4.7 1.38 0.17  9.0697 6.e-04  0.03  0.09  0.40  0.38
23.8 4.5 2.53 0.30  1.4041 1.e-03  0.04  0.23  0.02  0.37
 7.2 3.2 1.75 0.21 13.9091 4.e-04  0.13  0.25 -0.10  0.37
 6.6 3.6 3.23 0.39 29.5478 6.e-02 -0.40  0.17  0.09  0.37
25.9 2.1 2.69 0.32 11.1897 7.e-03 -0.13  0.12 -0.08  0.11
 4.7 3.1 1.49 0.18 10.5216 3.e-05  0.20  0.23 -0.25  0.38
 3.7 5.9 1.42 0.17  3.8970 4.e-05 -0.14  0.18 -0.22  0.29
20.6 1.7 2.09 0.25 16.3797 5.e-05 -0.01  0.08  0.08  0.23
26.5 4.5 2.21 0.27 63.2700 9.e-05 -0.42  0.22  0.11  0.16
 1.8 5.7 1.31 0.16 52.2035 5.e-04 -0.34  0.07 -0.18  0.36
 9.8 5.2 1.77 0.21 61.1654 4.e-05  0.35  0.12 -0.24  0.29
 7.7 3.2 2.05 0.25  3.5520 1.e-03 -0.14  0.10  0.09  0.18
 1.7 5.3 1.83 0.22 23.2780 5.e-03 -0.28  0.16 -0.19  0.16
 1.9 2.3 2.50 0.30 31.1258 2.e-02  0.11  0.22  0.04  0.14
14.2 4.3 1.92 0.23 83.8110 1.e-05 -0.11  0.10  0.08  0.20
 2.9 5.5 1.63 0.20  4.1393 7.e-04  0.20  0.14 -0.23  0.32
 9.6 5.9 1.76 0.21  9.7284 2.e-05  0.40  0.19  0.17  0.11
 4.2 5.7 2.15 0.26 11.2551 8.e-03 -0.01  0.16 -0.09  0.28
 9.4 5.6 2.11 0.25  6.3638 2.e-03  0.04  0.18  0.41  0.10
23.6 1.5 2.14 0.26  6.7658 4.e-05 -0.02  0.12  0.00  0.34
 5.6 2.1 2.54 0.30 11.5339 2.e-02  0.00  0.11  0.00  0.34
 7.2 1.2 3.76 0.45  8.4756 8.e-02  0.00  0.10  0.00  0.18
21.1 2.7 2.09 0.25 95.1487 2.e-05 -0.24  0.11 -0.07  0.12
 6.4 3.7 1.73 0.21 50.6848 5.e-04  0.02  0.09 -0.18  0.16
10.6 4.4 1.84 0.22 73.6738 2.e-04 -0.07  0.13  0.16  0.22
 3.2 3.0 2.98 0.36 73.1368 5.e-02 -0.25  0.08 -0.06  0.16
24.2 2.4 2.15 0.26 90.9420 1.e-05  0.03  0.21  0.02  0.11
 7.3 5.5 1.66 0.20  9.2856 4.e-05 -0.20  0.10  0.01  0.34
 2.1 1.8 3.03 0.36 22.6835 8.e-02 -0.02  0.11  0.00  0.10
18.4 2.1 2.11 0.25  1.6910 3.e-04 -0.15  0.08  0.05  0.40
 3.8 2.5 1.44 0.17 20.4446 8.e-05 -0.10  0.23 -0.12  0.18
23.9 5.9 2.76 0.33 29.3821 1.e-02 -0.18  0.20  0.07  0.30
16.1 2.4 1.97 0.24 28.6267 1.e-05  0.27  0.13 -0.08  0.30
19.6 3.4 2.06 0.25 66.4669 1.e-05  0.04  0.16 -0.03  0.17
 2.3 1.1 1.36 0.16 60.3771 4.e-04 -0.39  0.06 -0.22  0.24
 1.1 4.9 1.58 0.19 16.9801 2.e-03 -0.02  0.17 -0.02  0.37
 6.0 2.3 1.60 0.19  6.6614 6.e-05 -0.10  0.22 -0.25  0.15
 3.2 3.1 2.12 0.25 25.2482 8.e-03  0.12  0.24  0.20  0.19
22.9 2.3 2.13 0.26 84.8716 2.e-05 -0.31  0.23 -0.05  0.20
 5.3 3.1 1.87 0.22 28.7435 2.e-03 -0.10  0.24 -0.09  0.23
 3.0 5.7 1.07 0.13  1.9089 1.e-02  0.02  0.25  0.01  0.13
 3.0 1.1 1.34 0.16 60.8983 2.e-05 -0.13  0.21 -0.04  0.12
23.6 5.5 2.20 0.26 68.4697 3.e-04 -0.13  0.08  0.01  0.29
 7.2 1.5 2.06 0.25  2.4691 1.e-03  0.27  0.22  0.24  0.15
13.3 2.2 1.90 0.23 32.2807 2.e-05  0.20  0.23  0.07  0.33
 3.1 2.8 1.35 0.16 14.3839 1.e-05 -0.41  0.17 -0.04  0.39
 6.4 5.5 1.60 0.19 33.8357 1.e-05 -0.18  0.10  0.01  0.31
 5.2 5.7 2.27 0.27 16.9916 1.e-02  0.01  0.05  0.00  0.33
 4.4 4.2 1.47 0.18  8.1820 1.e-05 -0.04  0.16  0.02  0.22
 2.3 1.6 1.57 0.19 32.1009 1.e-03 -0.15  0.25  0.02  0.30
 4.6 5.6 1.49 0.18  2.1282 2.e-05 -0.28  0.16  0.27  0.29
17.0 3.6 2.00 0.24  1.5533 2.e-05  0.19  0.06 -0.31  0.11
 9.3 3.2 2.07 0.25  1.2316 8.e-04 -0.08  0.14 -0.25  0.19
25.2 4.0 2.17 0.26 42.6236 4.e-05  0.22  0.15 -0.15  0.27
 6.7 1.2 1.62 0.19 73.2643 2.e-05 -0.21  0.14  0.02  0.10
 2.8 1.6 2.08 0.25 87.9083 1.e-02  0.02  0.22 -0.23  0.27
18.1 4.2 3.06 0.37 67.9750 4.e-02  0.33  0.14 -0.21  0.19
 6.5 5.7 2.70 0.32 43.9922 3.e-02 -0.18  0.13  0.35  0.16
21.7 3.1 3.51 0.42 65.8480 6.e-02 -0.27  0.12  0.35  0.19
21.2 3.8 2.60 0.31  8.6351 7.e-03  0.05  0.09  0.26  0.36
16.2 3.7 1.98 0.24 64.0229 4.e-05 -0.34  0.13  0.14  0.22
13.9 2.1 1.92 0.23  4.6789 5.e-05 -0.12  0.23  0.12  0.18
13.4 1.9 2.30 0.28 16.3618 4.e-03 -0.11  0.17 -0.16  0.13
 3.0 5.1 2.55 0.31 47.6343 2.e-02  0.43  0.15 -0.12  0.11
 7.0 5.0 1.59 0.19  1.5320 1.e-05  0.03  0.09  0.35  0.23
 2.2 5.6 1.38 0.17 23.6558 5.e-04  0.07  0.16  0.05  0.29
 9.9 1.1 1.91 0.23 30.3547 6.e-04 -0.08  0.07  0.04  0.39
12.1 1.6 1.86 0.22  6.3558 2.e-05 -0.32  0.16 -0.03  0.32
 6.2 1.6 1.59 0.19 29.0264 1.e-05 -0.03  0.16 -0.41  0.31
12.7 5.3 1.88 0.23 25.8040 2.e-05  0.05  0.24  0.39  0.32
27.6 2.7 3.56 0.43  3.6642 5.e-02 -0.08  0.08  0.07  0.16
10.8 2.6 1.81 0.22  6.2732 1.e-05 -0.11  0.14  0.37  0.31
19.6 3.1 2.34 0.28 65.6923 2.e-03 -0.32  0.08 -0.29  0.21
 6.0 5.7 1.61 0.19  2.3098 2.e-04  0.06  0.18 -0.04  0.11
 7.8 1.3 1.69 0.20  3.7908 3.e-05  0.09  0.06  0.13  0.29
 1.3 3.7 1.37 0.16 36.8441 8.e-04 -0.07  0.07  0.08  0.34
27.2 6.0 2.21 0.27 28.6276 2.e-05 -0.40  0.25  0.11  0.36
14.3 4.6 1.93 0.23 20.8549 2.e-05  0.24  0.07  0.16  0.32
 9.1 1.3 1.75 0.21 93.7321 3.e-05  0.26  0.21 -0.06  0.28
17.2 2.6 2.03 0.24 17.4726 1.e-04  0.19  0.12 -0.21  0.36
17.3 2.7 2.01 0.24 29.0708 3.e-05  0.05  0.10 -0.20  0.21
10.3 4.7 2.04 0.24  1.6994 7.e-04 -0.40  0.20  0.04  0.32
26.9 5.0 2.67 0.32  5.4825 5.e-03  0.29  0.25  0.02  0.18
 3.2 3.7 1.58 0.19  6.1605 5.e-03 -0.05  0.22  0.11  0.35
 8.7 5.1 1.99 0.24 40.0862 1.e-03  0.22  0.23  0.07  0.36
 3.1 3.4 2.44 0.29 76.8305 2.e-02  0.31  0.20  0.17  0.11
 5.6 3.8 2.02 0.24 14.7165 4.e-03 -0.01  0.08 -0.04  0.35
29.3 2.5 2.25 0.27  9.3336 3.e-05  0.09  0.10  0.06  0.39
15.2 3.0 2.89 0.35  1.7121 2.e-02 -0.01  0.05  0.13  0.16
20.3 3.8 2.71 0.33 40.4339 1.e-02  0.12  0.21  0.29  0.34
 7.5 3.6 2.53 0.30 14.4850 2.e-02  0.20  0.24  0.25  0.25
 3.7 5.3 1.91 0.23  5.7343 7.e-03  0.21  0.15 -0.29  0.24
24.2 5.4 2.15 0.26  3.9198 1.e-05 -0.02  0.12  0.10  0.26
19.7 3.1 2.06 0.25  4.0940 1.e-05  0.20  0.18 -0.05  0.34
 8.7 2.9 1.73 0.21 42.4446 1.e-05  0.12  0.13 -0.10  0.34
 3.3 4.2 1.38 0.17  2.8969 2.e-05  0.02  0.18 -0.06  0.17
18.2 2.4 2.03 0.24 29.5195 2.e-05 -0.04  0.15 -0.13  0.34
 1.5 4.3 1.89 0.23 18.7641 3.e-02 -0.31  0.12  0.06  0.15
12.4 1.6 1.87 0.22  2.9283 1.e-05  0.02  0.22 -0.45  0.13
17.0 1.7 2.05 0.25  5.3700 2.e-04  0.22  0.24 -0.13  0.25
 1.7 4.4 1.06 0.13  2.3154 1.e-05 -0.11  0.22  0.22  0.18
 8.0 4.8 1.74 0.21 44.7799 2.e-04  0.00  0.07 -0.07  0.29
 8.9 1.1 2.07 0.25  6.4080 1.e-03 -0.03  0.23  0.19  0.17
18.2 2.3 2.03 0.24  3.7860 4.e-05 -0.36  0.13  0.15  0.39
 6.1 4.7 2.04 0.24  3.2839 9.e-02 -0.36  0.23  0.14  0.24
18.7 2.8 2.04 0.24 24.5468 1.e-05  0.06  0.11  0.36  0.26
 1.2 2.9 2.57 0.31 48.3663 2.e-02 -0.15  0.06 -0.31  0.35
 2.2 2.1 1.23 0.15  5.5900 1.e-05  0.00  0.17  0.00  0.18
17.2 5.3 2.00 0.24  5.4973 1.e-05 -0.21  0.24 -0.21  0.14
20.5 4.8 2.09 0.25 28.2061 7.e-05 -0.05  0.24  0.12  0.25
20.6 1.4 2.09 0.25  1.1505 1.e-05  0.12  0.13  0.27  0.37
12.1 2.9 2.82 0.34 57.6436 3.e-02  0.13  0.22 -0.24  0.31
 3.8 5.1 1.91 0.23 20.8797 3.e-03  0.06  0.11  0.01  0.23
 9.4 5.7 1.80 0.22  2.0909 1.e-04 -0.34  0.09 -0.04  0.32
 6.2 1.5 1.85 0.22  1.4302 5.e-02  0.03  0.20 -0.04  0.25
17.6 5.4 2.10 0.25 36.7402 5.e-04  0.16  0.24  0.19  0.40
 4.9 2.5 2.02 0.24 11.5019 4.e-03  0.12  0.07  0.09  0.33
 8.2 4.7 3.39 0.41 36.6804 6.e-02 -0.08  0.05  0.28  0.17
 8.3 5.2 1.79 0.21 69.1191 4.e-04  0.06  0.21 -0.29  0.18
 2.8 3.7 1.86 0.22 23.3115 4.e-03 -0.16  0.10  0.09  0.33
 2.5 2.9 1.35 0.16  5.8393 1.e-03  0.00  0.14  0.01  0.33
14.6 1.2 1.93 0.23 34.7409 1.e-05  0.01  0.20 -0.02  0.11
18.8 2.0 2.34 0.28  5.0432 2.e-03 -0.33  0.24  0.09  0.40
 2.9 4.2 1.35 0.16 86.2736 1.e-04 -0.17  0.12 -0.30  0.24
 4.4 2.0 1.55 0.19  1.5228 2.e-03  0.14  0.21 -0.19  0.40
10.8 3.7 1.81 0.22 46.6654 1.e-05  0.04  0.16 -0.13  0.12
11.6 4.4 1.84 0.22 19.6120 1.e-05 -0.12  0.22 -0.07  0.39
 1.4 5.9 1.09 0.13  7.3045 1.e-05 -0.14  0.15 -0.09  0.31
 2.0 1.4 2.40 0.29 29.0335 6.e-02  0.19  0.18  0.30  0.22
10.6 6.0 1.80 0.22 15.5068 1.e-05  0.02  0.13  0.04  0.27
 4.4 1.3 3.16 0.38 96.9030 6.e-02 -0.17  0.12  0.14  0.20
24.2 1.3 2.15 0.26 17.0478 2.e-05 -0.03  0.05  0.01  0.31
23.8 5.8 3.61 0.43 31.7328 6.e-02 -0.04  0.20 -0.12  0.10
 3.3 4.8 2.05 0.25  6.9989 5.e-02 -0.39  0.24  0.06  0.15
 4.1 2.8 1.44 0.17 73.8647 1.e-05 -0.05  0.10 -0.07  0.22
 6.6 4.6 1.14 0.14  1.3699 1.e-02 -0.01  0.17  0.32  0.31
12.3 5.6 2.15 0.26 85.5205 2.e-03  0.00  0.15  0.00  0.28
28.7 4.6 2.23 0.27  8.6463 3.e-05  0.17  0.09  0.14  0.38
12.9 1.5 2.16 0.26 10.7835 1.e-03  0.26  0.11  0.08  0.33
27.1 4.7 3.01 0.36 69.7795 2.e-02  0.15  0.09  0.23  0.39
23.0 5.1 2.35 0.28 85.0017 1.e-03  0.30  0.07  0.05  0.23
24.9 5.3 3.73 0.45  1.2103 9.e-02 -0.09  0.11 -0.05  0.14
 6.3 2.1 1.96 0.24 32.8477 2.e-03  0.17  0.21  0.16  0.34
 5.6 4.0 1.57 0.19  8.1167 5.e-05  0.26  0.09 -0.08  0.11
21.0 5.6 3.95 0.47  4.1164 9.e-02 -0.08  0.06  0.11  0.19
10.9 1.9 2.50 0.30  6.4468 1.e-02 -0.05  0.14 -0.22  0.38
17.6 3.0 2.04 0.24  3.6314 1.e-04  0.19  0.11  0.29  0.13
28.4 2.9 2.35 0.28 22.8650 4.e-04  0.00  0.15  0.00  0.19
20.0 5.7 2.38 0.29  3.7371 2.e-03  0.01  0.25  0.01  0.21
16.4 1.5 1.98 0.24 36.2372 2.e-05  0.00  0.19  0.34  0.10
 3.7 1.8 1.73 0.21 24.7867 1.e-03  0.26  0.12  0.26  0.33
 7.1 4.6 2.14 0.26 40.4048 6.e-03  0.02  0.22 -0.05  0.19
 2.5 5.9 1.81 0.22 21.3964 4.e-03  0.32  0.24 -0.17  0.30
23.2 5.1 3.55 0.43 12.6813 6.e-02  0.02  0.10  0.05  0.18
 4.9 3.0 1.96 0.24 21.9780 3.e-03 -0.15  0.16  0.23  0.11
26.4 4.9 3.11 0.37 12.8873 3.e-02  0.16  0.16  0.35  0.35
14.2 4.2 2.26 0.27 22.3346 3.e-03  0.00  0.19  0.10  0.13
29.1 3.4 2.90 0.35 77.8243 1.e-02  0.02  0.12  0.05  0.37
28.4 1.8 2.23 0.27  1.9829 3.e-05  0.23  0.22  0.28  0.33
 4.3 2.3 2.44 0.29  8.3376 2.e-02 -0.07  0.05  0.01  0.32
 1.8 5.3 1.17 0.14  4.1513 2.e-02 -0.38  0.20  0.24  0.17
20.9 2.1 2.17 0.26 61.1917 4.e-04  0.29  0.24 -0.08  0.25
 1.4 2.8 1.08 0.13  2.8795 1.e-05  0.13  0.25  0.05  0.26
 5.7 5.2 1.69 0.20 31.2553 5.e-04 -0.19  0.23  0.23  0.21
 5.8 4.2 1.91 0.23 52.5454 2.e-03 -0.07  0.12  0.22  0.39
25.9 3.2 2.18 0.26 12.0696 2.e-05  0.16  0.12  0.20  0.38
16.3 1.2 2.34 0.28  4.3636 3.e-03 -0.18  0.08 -0.04  0.19
12.3 4.3 2.08 0.25 90.2220 1.e-03  0.25  0.21  0.17  0.31
 8.6 4.8 3.22 0.39 55.7654 6.e-02 -0.31  0.16 -0.13  0.30
27.1 1.5 2.83 0.34  6.7284 1.e-02 -0.23  0.09  0.34  0.23
 7.2 4.6 1.65 0.20 71.4331 3.e-05  0.02  0.19 -0.01  0.23
26.9 1.9 2.59 0.31 27.7217 4.e-03 -0.03  0.07  0.03  0.16
 1.5 2.1 1.79 0.21  6.2225 4.e-03 -0.18  0.14  0.13  0.24
 5.6 3.3 1.76 0.21  1.1415 5.e-02  0.03  0.12  0.08  0.35
 2.0 4.0 1.20 0.14 12.2339 2.e-05  0.21  0.22 -0.08  0.40
17.4 3.5 2.00 0.24  8.6668 1.e-05 -0.37  0.21 -0.02  0.11
10.5 3.1 1.96 0.24  1.3129 4.e-04  0.14  0.18  0.05  0.23
 7.4 3.7 1.89 0.23 92.3180 1.e-03 -0.26  0.12  0.24  0.30
29.0 2.0 2.24 0.27 21.2024 2.e-05 -0.18  0.20 -0.32  0.23
 1.9 2.6 1.22 0.15  3.3294 1.e-04  0.04  0.19  0.43  0.33
16.3 5.8 2.42 0.29  3.8627 3.e-03 -0.03  0.17 -0.02  0.19
 1.0 2.0 1.59 0.19 18.4353 3.e-03  0.35  0.18  0.10  0.31
17.4 5.4 2.01 0.24 70.2077 1.e-05 -0.10  0.08 -0.10  0.36
 2.3 2.4 1.25 0.15  5.8629 1.e-05  0.19  0.10 -0.01  0.15
19.4 1.9 2.06 0.25 66.6486 1.e-05  0.00  0.18 -0.01  0.16
20.8 3.0 2.35 0.28 89.4560 2.e-03  0.19  0.10  0.31  0.29
 6.1 4.8 1.66 0.20  9.1006 3.e-04 -0.14  0.06 -0.22  0.39
 2.5 2.8 1.31 0.16  2.6618 9.e-04  0.26  0.12  0.04  0.15
20.0 2.8 3.72 0.45 26.6431 8.e-02  0.09  0.15  0.23  0.17
15.9 5.0 2.09 0.25 82.1755 6.e-04  0.39  0.05  0.12  0.36
 1.9 5.0 2.82 0.34 22.2795 6.e-02 -0.06  0.25 -0.28  0.32
19.4 2.4 2.22 0.27  1.8696 6.e-04 -0.08  0.12  0.05  0.16
19.9 2.0 2.19 0.26 20.3671 6.e-04  0.16  0.06  0.05  0.21
 9.3 4.6 1.77 0.21 58.0058 1.e-04 -0.08  0.08 -0.11  0.31
23.9 1.2 2.17 0.26  8.9434 1.e-04 -0.06  0.21  0.31  0.38
 3.0 3.9 1.44 0.17 85.1606 4.e-04 -0.09  0.05 -0.03  0.21
26.7 1.6 2.22 0.27 74.1865 1.e-04 -0.14  0.08 -0.04  0.40
27.8 1.3 2.59 0.31 14.6845 3.e-03  0.13  0.22  0.05  0.10
27.9 2.8 2.22 0.27 31.4895 1.e-05 -0.24  0.11  0.08  0.31
19.3 2.1 2.09 0.25 25.8768 2.e-04  0.01  0.14  0.03  0.27
 1.9 2.4 1.01 0.12  2.4647 4.e-05  0.18  0.08  0.25  0.39
 3.6 4.9 2.03 0.24 15.3116 6.e-03  0.00  0.12  0.15  0.20
 8.1 2.5 1.70 0.20 80.9167 2.e-05 -0.24  0.10  0.05  0.20
 1.5 4.9 1.32 0.16  4.8694 9.e-04 -0.34  0.13  0.06  0.32
 7.5 3.8 1.69 0.20 19.7479 9.e-05 -0.08  0.09 -0.44  0.23
 8.5 5.1 1.72 0.21  4.7816 1.e-05 -0.26  0.17 -0.03  0.21
16.3 1.4 2.00 0.24  3.0747 9.e-05  0.07  0.18  0.15  0.12
 6.5 3.1 2.86 0.34 46.4536 4.e-02  0.08  0.23 -0.03  0.35
29.4 2.7 2.55 0.31 76.2218 2.e-03  0.12  0.10 -0.07  0.19
24.9 5.9 2.19 0.26  2.1508 1.e-04  0.06  0.23 -0.26  0.27
 7.3 5.8 1.66 0.20  7.0261 5.e-05  0.22  0.07  0.27  0.38
16.1 2.8 2.35 0.28 71.9545 5.e-03  0.05  0.12  0.03  0.32
 6.6 5.9 1.61 0.19 92.2408 1.e-05 -0.03  0.12  0.03  0.37
27.2 5.7 2.20 0.26 20.4594 1.e-05  0.16  0.10  0.09  0.39
 1.9 1.3 1.18 0.14 21.2072 1.e-05  0.05  0.21 -0.34  0.21
 2.9 2.5 1.51 0.18 53.1805 7.e-04  0.29  0.24 -0.18  0.13
18.4 1.3 2.03 0.24  1.6432 2.e-05  0.03  0.21  0.29  0.33
29.5 2.4 2.54 0.30 55.0705 2.e-03  0.00  0.22 -0.02  0.34
 1.5 4.5 1.37 0.16  5.0006 6.e-04  0.05  0.15  0.04  0.39
 3.3 1.8 2.30 0.28 22.7877 1.e-02  0.01  0.18  0.26  0.27
 3.2 1.4 2.94 0.35  4.0544 4.e-02  0.36  0.19 -0.07  0.35
19.9 3.0 3.49 0.42  8.8404 6.e-02 -0.09  0.22  0.09  0.28
 3.9 2.8 1.43 0.17  2.1698 2.e-05 -0.09  0.23 -0.09  0.15
 8.8 2.6 1.82 0.22  8.8786 3.e-04  0.28  0.14  0.04  0.33
19.2 5.0 2.94 0.35  1.7499 2.e-02  0.09  0.06  0.10  0.19
12.0 5.3 1.85 0.22 78.5222 3.e-05  0.05  0.13 -0.13  0.23
 1.5 4.6 1.12 0.13  5.3242 4.e-05 -0.06  0.08  0.22  0.14
14.3 3.0 1.92 0.23  2.9253 1.e-05 -0.04  0.12 -0.37  0.23
20.8 2.2 3.07 0.37  3.0430 3.e-02 -0.38  0.18 -0.05  0.29
 4.3 4.3 1.55 0.19  2.3746 2.e-03  0.04  0.14 -0.08  0.26
10.6 5.5 1.84 0.22 21.5723 2.e-04  0.11  0.20  0.25  0.37
 8.4 2.9 2.04 0.24 29.3266 3.e-03  0.02  0.22  0.26  0.31
25.8 2.7 2.51 0.30 33.8604 3.e-03 -0.09  0.08  0.36  0.19
22.1 1.4 2.11 0.25 72.3514 1.e-05  0.09  0.24 -0.04  0.29
10.1 4.0 2.50 0.30 28.0479 2.e-02 -0.08  0.08  0.30  0.26
 1.9 5.6 1.07 0.13  1.9625 1.e-05 -0.04  0.05  0.10  0.24
 5.0 3.1 1.51 0.18 12.0826 1.e-05 -0.09  0.08 -0.28  0.26
 6.7 5.1 1.62 0.19  5.3568 3.e-05 -0.01  0.24 -0.35  0.14
17.7 3.1 2.01 0.24 31.7725 1.e-05  0.17  0.25  0.33  0.39
21.4 2.7 3.56 0.43 43.9749 6.e-02 -0.16  0.21  0.04  0.36
 2.7 5.7 1.31 0.16  9.3417 4.e-05 -0.11  0.21  0.00  0.23
22.9 5.1 2.51 0.30 54.2615 5.e-03  0.10  0.18 -0.02  0.18
 7.2 1.1 1.68 0.20  1.2160 8.e-05 -0.02  0.16  0.10  0.31
16.2 3.5 1.97 0.24 12.2772 1.e-05 -0.01  0.07  0.14  0.21
10.6 3.7 2.92 0.35 94.0641 4.e-02 -0.41  0.11 -0.02  0.35
15.2 3.9 1.95 0.23 57.7416 1.e-05 -0.01  0.20  0.02  0.26
15.3 4.4 1.96 0.24 18.7286 5.e-05 -0.28  0.06  0.01  0.28
 2.9 4.5 1.32 0.16 31.4420 1.e-05 -0.39  0.07  0.17  0.25
12.8 4.9 2.96 0.36 28.2516 4.e-02 -0.19  0.21  0.07  0.28
 6.2 2.7 1.60 0.19  2.6327 1.e-05  0.02  0.12  0.00  0.37
25.2 3.7 2.18 0.26 49.7242 8.e-05 -0.21  0.12  0.20  0.18
12.2 4.5 3.55 0.43 37.3035 8.e-02 -0.10  0.20  0.12  0.25
26.7 5.0 3.18 0.38  1.2069 2.e-02  0.12  0.24  0.05  0.34
11.4 1.4 1.86 0.22  4.9043 1.e-04 -0.12  0.21  0.24  0.40
 2.0 2.8 1.26 0.15  5.4605 1.e-04 -0.43  0.23  0.04  0.27
16.3 3.1 2.04 0.24 15.6399 3.e-04 -0.30  0.08  0.20  0.35
 5.4 5.8 2.68 0.32 45.2068 3.e-02 -0.02  0.17  0.35  0.17
 3.1 5.6 1.78 0.21 26.2469 2.e-03 -0.34  0.14 -0.26  0.32
 2.6 4.9 2.00 0.24 27.5737 8.e-03  0.01  0.05 -0.21  0.29
 2.3 5.7 2.89 0.35 16.8292 8.e-02 -0.15  0.22  0.00  0.18
16.9 1.3 1.99 0.24  2.7823 1.e-05 -0.01  0.08  0.36  0.34
 5.6 1.6 1.56 0.19 64.0341 2.e-05 -0.18  0.12  0.01  0.15
17.3 1.0 2.09 0.25 35.8706 4.e-04 -0.01  0.23  0.02  0.30
24.3 3.8 2.15 0.26 86.3237 2.e-05 -0.01  0.13  0.02  0.13
 9.1 3.1 2.73 0.33  9.9013 3.e-02 -0.04  0.20 -0.03  0.28
 1.0 2.5 1.79 0.21 19.1409 9.e-03  0.22  0.20 -0.21  0.35
23.6 1.2 2.14 0.26  6.5879 1.e-05 -0.17  0.07 -0.15  0.34
19.2 1.1 2.06 0.25  2.5642 4.e-05 -0.09  0.05  0.07  0.14
 6.9 5.3 1.47 0.18  1.4826 1.e-02 -0.19  0.19  0.17  0.18
29.7 1.0 2.25 0.27 35.0953 1.e-05 -0.36  0.21 -0.20  0.12
15.7 4.9 2.17 0.26 68.3798 1.e-03  0.07  0.10  0.28  0.26
28.9 1.3 2.41 0.29  6.1162 6.e-04  0.35  0.08 -0.04  0.25
12.1 3.9 1.99 0.24 15.1370 6.e-04  0.02  0.10  0.08  0.22
11.9 4.3 1.86 0.22  1.0746 5.e-05 -0.06  0.20  0.03  0.15
 8.9 4.7 1.74 0.21 36.2707 5.e-05  0.19  0.13  0.00  0.11
 2.4 3.6 1.74 0.21 10.8128 2.e-03  0.13  0.20 -0.05  0.27
 6.9 4.0 1.63 0.20  6.1463 1.e-05 -0.02  0.19  0.13  0.30
14.3 3.4 1.95 0.23 27.9587 1.e-04 -0.19  0.24  0.00  0.39
20.8 2.0 2.16 0.26  1.4718 2.e-04  0.22  0.12  0.37  0.14
13.9 2.0 1.94 0.23 32.6013 1.e-04 -0.23  0.14 -0.07  0.16
 2.6 2.4 1.13 0.14  2.5011 1.e-05  0.16  0.10 -0.08  0.19
10.0 4.0 2.33 0.28  5.2183 7.e-03  0.15  0.22  0.10  0.27
 3.2 3.0 1.51 0.18 76.3594 6.e-04  0.06  0.06 -0.10  0.12
29.2 5.6 2.24 0.27  7.3872 1.e-05  0.00  0.18  0.01  0.32
 3.4 4.3 1.78 0.21 11.4006 2.e-03 -0.10  0.25  0.11  0.34
 3.6 5.5 1.40 0.17  9.4538 1.e-05 -0.05  0.11  0.43  0.35
12.3 4.8 1.87 0.22 14.2069 2.e-05 -0.10  0.06  0.19  0.20
26.8 3.1 2.20 0.26 17.6426 1.e-05 -0.13  0.15  0.24  0.35
13.1 3.3 1.84 0.22  1.9092 6.e-03 -0.13  0.12 -0.13  0.27
 5.4 3.5 3.52 0.42  7.8236 7.e-02 -0.11  0.08  0.08  0.17
23.3 2.5 2.13 0.26  8.7420 1.e-05 -0.34  0.24 -0.01  0.27
23.3 4.5 2.13 0.26 13.0455 1.e-05  0.28  0.20  0.10  0.34
 4.1 3.5 1.45 0.17  6.9131 4.e-05  0.03  0.11 -0.01  0.38
18.5 1.5 2.16 0.26 61.2116 6.e-04 -0.04  0.14  0.22  0.34
24.0 3.2 2.15 0.26  4.4355 2.e-05  0.31  0.25  0.04  0.28
15.4 5.2 2.01 0.24 98.9965 3.e-04 -0.09  0.22  0.04  0.13
 6.7 1.3 1.63 0.20 11.9117 5.e-05  0.09  0.06 -0.16  0.38
29.4 5.2 2.25 0.27 86.2071 2.e-05  0.20  0.12 -0.31  0.35
 7.1 1.1 3.16 0.38 70.2506 6.e-02  0.15  0.14  0.04  0.32
27.8 4.8 2.57 0.31 26.7983 3.e-03  0.03  0.14 -0.01  0.25
11.3 3.2 2.07 0.25 34.8819 1.e-03  0.25  0.10  0.03  0.34
29.5 5.6 2.25 0.27  3.1197 2.e-05  0.01  0.17 -0.39  0.20
15.1 1.2 1.95 0.23  6.1152 2.e-05  0.30  0.12  0.24  0.28
 5.7 5.4 2.50 0.30  7.4664 2.e-02  0.04  0.09  0.11  0.32
 7.1 4.1 1.66 0.20 28.1633 9.e-05  0.14  0.20  0.27  0.19
 1.3 4.2 1.14 0.14 38.5313 2.e-04  0.11  0.22 -0.28  0.28
25.5 6.0 2.17 0.26 12.6624 1.e-05  0.05  0.10 -0.01  0.34
27.2 1.9 2.21 0.27  1.1283 3.e-05  0.14  0.08  0.00  0.28
 4.4 5.7 1.47 0.18 48.4595 1.e-05 -0.09  0.18 -0.39  0.11
 4.1 3.2 3.08 0.37 13.4940 4.e-02 -0.21  0.06 -0.01  0.38
 9.3 5.5 1.75 0.21 14.2317 3.e-05  0.07  0.18  0.38  0.13
 2.6 2.9 1.40 0.17 22.0236 3.e-04 -0.18  0.17  0.13  0.36
 3.3 1.3 1.37 0.16  3.5340 1.e-05  0.03  0.19 -0.10  0.22
29.2 6.0 2.25 0.27  1.2959 4.e-05 -0.30  0.12 -0.30  0.16
11.6 2.8 1.86 0.22 82.0878 1.e-04 -0.04  0.20 -0.09  0.22
 2.5 4.1 2.13 0.26 56.2091 1.e-02 -0.10  0.07 -0.38  0.12
 9.8 4.6 1.77 0.21  1.4945 1.e-05  0.08  0.20  0.10  0.11
21.9 5.0 3.68 0.44  2.4438 6.e-02  0.20  0.19 -0.32  0.19
 5.0 1.3 1.52 0.18 93.7827 2.e-05  0.26  0.20 -0.34  0.18
 1.7 3.3 1.52 0.18 10.5092 4.e-03 -0.35  0.22 -0.08  0.13
14.6 5.1 2.27 0.27 11.9159 2.e-03  0.02  0.24  0.01  0.16
 4.6 3.6 1.48 0.18 13.1371 2.e-05 -0.09  0.08 -0.15  0.38
 9.0 4.0 2.75 0.33 21.6609 3.e-02 -0.10  0.24  0.18  0.26
 2.9 4.3 1.33 0.16  4.0665 3.e-05  0.11  0.07 -0.18  0.32
 3.3 3.9 2.83 0.34 90.2129 4.e-02 -0.14  0.25 -0.01  0.22
20.6 1.3 2.11 0.25 15.1348 1.e-04 -0.03  0.15  0.25  0.35
25.5 5.3 2.27 0.27 82.3446 4.e-04 -0.05  0.06 -0.08  0.37
16.4 3.1 1.99 0.24  3.9909 4.e-05 -0.18  0.18  0.05  0.31
14.3 1.2 1.92 0.23 25.7683 1.e-05 -0.05  0.12  0.30  0.20
 1.8 1.7 2.37 0.28 18.8293 6.e-02  0.21  0.24  0.28  0.21
27.1 1.0 2.21 0.27 23.9264 6.e-05  0.02  0.22  0.19  0.31
11.8 1.9 1.86 0.22 47.6107 7.e-05  0.02  0.17 -0.04  0.40
 7.9 5.7 3.22 0.39  7.2007 5.e-02  0.40  0.12  0.02  0.38
29.7 1.8 3.31 0.40 16.7761 3.e-02 -0.39  0.23 -0.15  0.29
28.5 1.2 2.59 0.31 11.0252 2.e-03 -0.05  0.19  0.00  0.36
15.0 5.0 1.94 0.23 83.2807 2.e-05 -0.08  0.15  0.01  0.15
24.4 3.4 2.77 0.33 74.4682 1.e-02  0.18  0.14  0.15  0.20
11.5 1.7 1.91 0.23 20.5594 3.e-04 -0.29  0.17 -0.08  0.10
29.6 4.2 2.60 0.31  2.1034 1.e-03 -0.29  0.09  0.26  0.39
13.8 1.3 3.46 0.42  7.0371 6.e-02 -0.20  0.19  0.00  0.32
 6.2 4.6 2.56 0.31 22.1948 2.e-02 -0.27  0.14 -0.09  0.31
19.6 1.4 2.06 0.25 58.1786 1.e-05 -0.32  0.23  0.00  0.39
26.0 4.8 2.28 0.27 95.9078 4.e-04 -0.32  0.06 -0.27  0.29
10.4 2.2 1.80 0.22 26.6144 3.e-05  0.22  0.14 -0.34  0.25
22.7 4.8 2.75 0.33 34.9878 1.e-02 -0.02  0.15  0.19  0.25
 3.1 5.0 2.70 0.32 13.8465 5.e-02 -0.01  0.14  0.04  0.39
 5.3 1.9 1.86 0.22 14.7431 1.e-03  0.00  0.11  0.00  0.26
 4.9 3.1 1.51 0.18 93.4888 3.e-05 -0.08  0.15 -0.31  0.29
 6.0 5.3 1.61 0.19 21.4349 1.e-04  0.29  0.13 -0.01  0.22
 4.8 3.4 1.66 0.20  4.1228 5.e-02  0.04  0.15  0.34  0.18
 6.0 6.0 2.35 0.28 17.0329 1.e-02  0.20  0.16 -0.09  0.25
 6.3 5.5 1.62 0.19 98.7841 1.e-04 -0.37  0.05  0.17  0.29
14.7 5.6 1.93 0.23 77.7543 1.e-05 -0.02  0.21 -0.29  0.39
18.4 2.5 2.71 0.33 21.5509 2.e-02 -0.12  0.08  0.01  0.32
17.2 2.2 2.00 0.24 90.8145 1.e-05  0.08  0.12  0.08  0.35
 4.8 5.6 1.50 0.18 13.5750 1.e-05  0.10  0.08  0.14  0.16
 6.0 2.9 1.60 0.19 43.9383 8.e-05  0.01  0.25  0.02  0.26
 5.6 2.6 2.12 0.25 41.7672 7.e-03  0.01  0.21  0.10  0.26
 8.8 3.0 2.73 0.33  2.9392 2.e-02  0.32  0.13  0.02  0.12
22.5 2.8 2.16 0.26 20.5973 2.e-04 -0.11  0.05 -0.07  0.39
 9.7 6.0 1.77 0.21 13.5694 1.e-05  0.01  0.18  0.02  0.23
 2.9 5.7 1.81 0.22 27.2943 3.e-03 -0.24  0.05  0.29  0.14
 1.5 3.8 1.12 0.13  9.6980 1.e-05 -0.13  0.16  0.08  0.14
 4.3 5.9 1.47 0.18 18.7022 4.e-05  0.34  0.11  0.11  0.25
13.8 3.9 2.28 0.27  7.4013 3.e-03 -0.01  0.17  0.00  0.27
 2.0 5.8 1.80 0.22 10.6642 3.e-03 -0.11  0.23 -0.19  0.30
 3.9 2.3 2.14 0.26 18.2882 9.e-03 -0.03  0.13 -0.23  0.16
23.6 5.3 2.72 0.33 11.5239 9.e-03 -0.09  0.13 -0.12  0.31
15.1 1.4 1.94 0.23 46.5485 1.e-05 -0.07  0.06  0.11  0.29
 6.3 5.5 1.60 0.19  7.0055 1.e-05 -0.11  0.20  0.38  0.29
17.5 5.8 2.38 0.29 97.6831 5.e-03  0.35  0.16  0.25  0.19
 3.7 5.8 1.50 0.18  4.4734 2.e-04 -0.01  0.16 -0.03  0.12
 3.2 3.7 1.36 0.16  6.9990 1.e-05 -0.15  0.09 -0.07  0.22
21.6 3.5 2.10 0.25 56.4204 2.e-05 -0.09  0.12 -0.42  0.19
 6.8 4.7 1.88 0.23 40.2133 1.e-03  0.04  0.24 -0.25  0.16
17.3 2.2 2.57 0.31 33.8827 1.e-02 -0.11  0.24 -0.07  0.18
12.1 2.0 1.88 0.23 18.5361 1.e-04  0.41  0.25  0.13  0.11
15.5 2.1 2.10 0.25 90.9920 7.e-04 -0.18  0.15  0.22  0.17
11.6 2.1 1.84 0.22 19.5650 5.e-05 -0.03  0.21  0.05  0.18
22.2 4.6 2.45 0.29 17.5112 3.e-03 -0.20  0.10  0.30  0.20
14.7 2.2 1.93 0.23 27.4645 1.e-05 -0.04  0.15 -0.16  0.13
 3.3 3.2 2.06 0.25  5.6668 9.e-03 -0.23  0.13  0.13  0.36
 1.2 1.8 1.25 0.15 17.2718 4.e-04 -0.27  0.11  0.03  0.31
 2.7 1.3 1.30 0.16  5.6032 1.e-05  0.05  0.20  0.01  0.25
29.3 2.0 2.68 0.32  9.8806 4.e-03 -0.05  0.21 -0.31  0.33
14.1 2.5 2.11 0.25  1.8358 5.e-04  0.09  0.18 -0.03  0.10
 8.1 5.3 1.70 0.20  6.0318 1.e-05 -0.03  0.21 -0.10  0.27
27.4 2.3 3.71 0.45  4.9494 6.e-02 -0.13  0.23  0.20  0.33
29.8 5.2 2.52 0.30 90.1334 1.e-03 -0.25  0.16 -0.25  0.38
 2.2 2.7 1.49 0.18 45.8069 9.e-04 -0.31  0.17  0.01  0.30
 4.4 2.1 1.52 0.18  3.6315 1.e-04 -0.14  0.07  0.00  0.36
21.2 4.4 2.09 0.25  8.3532 1.e-05  0.20  0.07  0.24  0.17
11.2 4.1 2.59 0.31 72.3687 2.e-02  0.01  0.14 -0.01  0.26
18.8 5.6 2.04 0.24  2.8404 1.e-05  0.04  0.22  0.02  0.37
 3.0 4.1 1.34 0.16  2.1837 1.e-05 -0.02  0.21  0.01  0.15
28.9 2.7 2.37 0.28 94.4694 6.e-04  0.01  0.24 -0.14  0.23
23.8 4.0 2.14 0.26 27.0178 1.e-05 -0.07  0.24 -0.19  0.18
 1.7 4.0 1.15 0.14 20.7802 2.e-05 -0.10  0.07  0.05  0.16
 6.6 1.7 2.63 0.32 46.3346 3.e-02  0.16  0.18 -0.05  0.11
 1.4 4.8 1.12 0.13 11.2616 6.e-05  0.06  0.22  0.28  0.12
18.6 5.5 2.06 0.25  7.3554 9.e-05 -0.13  0.13 -0.11  0.40
 2.5 3.4 1.27 0.15  1.5097 1.e-05 -0.06  0.24 -0.02  0.22
 4.8 5.0 2.06 0.25 28.0717 7.e-03 -0.06  0.14  0.10  0.32
26.4 3.0 2.19 0.26 11.8698 2.e-05  0.08  0.12  0.29  0.21
 9.5 6.0 2.01 0.24 49.8248 1.e-03 -0.08  0.13  0.05  0.28
13.1 1.1 1.94 0.23 49.8277 2.e-04 -0.14  0.07 -0.33  0.17
26.1 2.6 2.18 0.26 11.4307 2.e-05  0.00  0.23 -0.17  0.38
12.9 3.3 2.35 0.28  7.5528 5.e-03 -0.17  0.21 -0.03  0.34
15.4 4.6 3.89 0.47  3.8369 9.e-02 -0.30  0.15  0.31  0.37
12.2 3.1 1.87 0.22 80.3248 7.e-05 -0.05  0.17 -0.19  0.29
 2.9 1.2 1.33 0.16 67.0539 3.e-05  0.16  0.08 -0.03  0.22
 2.2 4.0 2.04 0.24 36.0777 9.e-03  0.41  0.11  0.10  0.24
 3.6 3.7 1.74 0.21 47.9647 2.e-03 -0.27  0.08  0.12  0.30
 2.4 5.1 2.59 0.31 47.0681 3.e-02  0.09  0.18 -0.28  0.23
17.9 5.0 2.03 0.24  3.4428 4.e-05  0.08  0.15  0.30  0.37
 2.7 4.0 1.29 0.15  6.2507 1.e-05  0.06  0.17 -0.22  0.14
13.8 1.5 2.15 0.26 26.8996 1.e-03  0.09  0.21 -0.23  0.17
22.6 3.6 2.40 0.29 59.3103 2.e-03  0.06  0.07  0.19  0.11
 3.4 1.6 1.62 0.19 21.5043 7.e-04 -0.29  0.16  0.10  0.27
29.7 2.7 2.25 0.27  3.5124 1.e-05  0.06  0.11  0.29  0.25
 1.4 5.7 1.31 0.16 70.8216 8.e-04 -0.16  0.19  0.32  0.28
17.3 5.5 2.05 0.25  5.6939 2.e-04  0.12  0.25  0.02  0.21
12.9 1.8 2.01 0.24 15.1526 6.e-04  0.29  0.08 -0.21  0.35
12.2 1.4 1.86 0.22  8.2604 2.e-05  0.02  0.16 -0.01  0.12
m    merr  r  rerr period  enfrac  h     herr  k     kerr
22.6 3.2 2.53 0.30 51.8375 5.e-03  0.03  0.22 -0.12  0.38
11.8 5.6 1.86 0.22 98.1371 8.e-05  0.04  0.19  0.01  0.37
29.3 5.6 3.22 0.39  1.0252 2.e-02  0.33  0.20 -0.21  0.25
 5.5 4.9 1.78 0.21  1.5115 7.e-02 -0.24  0.18 -0.16  0.34
 5.7 2.2 1.57 0.19 17.3401 1.e-05  0.07  0.15  0.00  0.38
 2.1 5.9 1.95 0.23 19.8751 5.e-03  0.00  0.17 -0.23  0.26
 6.8 1.3 2.27 0.27 49.7911 1.e-02  0.03  0.16 -0.07  0.29
17.5 1.7 2.01 0.24  4.9841 1.e-05  0.03  0.16 -0.03  0.20
 2.6 5.2 1.37 0.16 10.0663 2.e-04  0.19  0.06  0.28  0.34
 2.4 1.7 3.11 0.37 40.5104 4.e-02 -0.17  0.06 -0.10  0.33
 2.5 4.6 2.57 0.31 75.8170 3.e-02 -0.23  0.15 -0.09  0.25
 6.9 2.3 2.57 0.31 39.5599 2.e-02 -0.22  0.19  0.33  0.27
14.0 5.4 1.91 0.23 18.4627 1.e-05  0.31  0.23  0.07  0.23
 3.6 4.2 1.47 0.18  8.3664 2.e-04  0.27  0.24 -0.07  0.26
 2.1 3.1 1.62 0.19 48.8250 2.e-03 -0.25  0.11 -0.20  0.18
 3.3 5.3 1.63 0.20  6.8920 8.e-04 -0.15  0.23 -0.28  0.13
 5.5 2.8 1.56 0.19 14.8506 3.e-05 -0.20  0.07  0.18  0.29
 1.3 1.2 1.08 0.13  6.5368 2.e-05 -0.16  0.19 -0.04  0.34
 1.3 4.9 1.45 0.17  7.5197 3.e-03 -0.07  0.13  0.00  0.15
26.6 3.1 2.20 0.26 57.1085 3.e-05  0.16  0.23 -0.35  0.31
 3.0 4.7 2.55 0.31 11.0947 2.e-02 -0.26  0.18  0.36  0.12
27.3 5.3 3.78 0.45 10.5227 6.e-02  0.19  0.24 -0.23  0.22
 7.6 1.8 1.68 0.20  3.0626 4.e-05  0.17  0.12 -0.30  0.16
28.0 5.0 2.52 0.30 22.2846 2.e-03  0.05  0.10  0.00  0.40
 5.6 4.3 1.74 0.21 16.4684 6.e-04 -0.20  0.13 -0.08  0.22
 2.2 3.0 1.23 0.15 10.6254 1.e-05 -0.20  0.14  0.11  0.18
13.5 4.9 1.91 0.23 21.9991 6.e-05 -0.30  0.15  0.23  0.25
 1.4 2.2 1.47 0.18 88.7506 1.e-03  0.08  0.07  0.39  0.22
 2.7 2.8 1.30 0.16 37.4960 2.e-05  0.10  0.24 -0.43  0.32
10.5 2.5 1.88 0.23 38.7145 4.e-04 -0.20  0.24 -0.38  0.28
