H_OBS K_OBS H_SIGMA K_SIGMA H_TRUE K_TRUE
      0.0041995     -0.0064712      0.0500000      0.2000000     -0.0606918      0.1156534
      0.1411071      0.1661394      0.0500000      0.2000000      0.1465608      0.0868360
     -0.0561000     -0.0138244      0.0500000      0.2000000     -0.0538843     -0.0732578
      0.1040433     -0.0071279      0.0500000      0.2000000      0.1124741     -0.0246390
     -0.1631399      0.1581407      0.0500000      0.2000000     -0.1501690      0.2928731
      0.0627872     -0.0977380      0.0500000      0.2000000      0.0599197      0.0627463
      0.0210775     -0.3888446      0.0500000      0.2000000      0.0425877     -0.0229722
     -0.1994874     -0.1807859      0.0500000      0.2000000     -0.1828441     -0.1913652
     -0.0390871      0.2546481      0.0500000      0.2000000     -0.0085922     -0.0352786
     -0.1265870     -0.2644276      0.0500000      0.2000000     -0.1717533     -0.0341941
     -0.1883115     -0.0755974      0.0500000      0.2000000     -0.1386065      0.0075109
     -0.1633874      0.1693912      0.0500000      0.2000000     -0.1770687      0.0497530
      0.0467417     -0.1961832      0.0500000      0.2000000      0.0040843      0.0172562
     -0.0999748      0.1330826      0.0500000      0.2000000     -0.0541247      0.0577516
      0.0463056      0.5516789      0.0500000      0.2000000      0.0324092      0.0816341
     -0.0717886     -0.1745226      0.0500000      0.2000000     -0.0358577     -0.0814851
      0.1163961      0.3372895      0.0500000      0.2000000      0.0345116      0.1392450
      0.0096072      0.0916777      0.0500000      0.2000000      0.0316737     -0.1803252
     -0.0838697     -0.0151600      0.0500000      0.2000000     -0.1426333     -0.1160937
     -0.0499493      0.3054776      0.0500000      0.2000000      0.0467542      0.1040990
      0.1742705     -0.0467818      0.0500000      0.2000000      0.1513983     -0.0201276
      0.0804002     -0.0758109      0.0500000      0.2000000      0.0814428      0.0488757
     -0.2170445      0.0379871      0.0500000      0.2000000     -0.1959195     -0.1818830
      0.1218596     -0.3176430      0.0500000      0.2000000      0.1541920     -0.1056474
     -0.0514653      0.0975766      0.0500000      0.2000000     -0.0497629      0.0441748
     -0.0763902     -0.2201504      0.0500000      0.2000000     -0.0843032     -0.0633525
      0.0417605      0.1387287      0.0500000      0.2000000     -0.0157486      0.0767615
     -0.0613732     -0.3838836      0.0500000      0.2000000     -0.0116316     -0.0525087
      0.0449955      0.2007031      0.0500000      0.2000000      0.0810783      0.0367392
      0.0095069      0.2768039      0.0500000      0.2000000      0.0322579      0.0039724
     -0.1516274      0.2771384      0.0500000      0.2000000     -0.1026785     -0.0555992
      0.0817580      0.4210069      0.0500000      0.2000000      0.0711773      0.0958446
      0.2243943      0.0102354      0.0500000      0.2000000      0.2444111     -0.1443171
      0.0157208     -0.3337225      0.0500000      0.2000000     -0.0738689     -0.2564521
     -0.0572118      0.3408011      0.0500000      0.2000000      0.0171150      0.1024402
     -0.1072667      0.3521360      0.0500000      0.2000000     -0.0737882      0.0179960
      0.0154604     -0.0926016      0.0500000      0.2000000      0.0777747     -0.1733660
      0.0178059      0.2628737      0.0500000      0.2000000      0.0044308      0.0342118
     -0.0933191      0.6387320      0.0500000      0.2000000     -0.1416122     -0.0060785
     -0.1634205     -0.3484030      0.0500000      0.2000000     -0.1495082     -0.1436045
     -0.0496210     -0.1534286      0.0500000      0.2000000     -0.0280882      0.0710075
     -0.2280374      0.1291201      0.0500000      0.2000000     -0.1314138      0.0378251
     -0.1087115     -0.2640768      0.0500000      0.2000000     -0.0721220     -0.0878130
      0.0981315      0.3231624      0.0500000      0.2000000     -0.0157207      0.1943466
      0.1259516      0.0369536      0.0500000      0.2000000      0.0365801      0.0168276
     -0.1473990      0.1654913      0.0500000      0.2000000     -0.1771530     -0.1188362
      0.2316236     -0.3067800      0.0500000      0.2000000      0.2315269     -0.0213800
      0.0732393      0.0848961      0.0500000      0.2000000      0.0321522      0.0886752
      0.0155349      0.0735773      0.0500000      0.2000000      0.0070897      0.0667720
      0.0006423      0.1371236      0.0500000      0.2000000     -0.0642001      0.1623750
      0.0434369      0.0106234      0.0500000      0.2000000     -0.0205159      0.0480949
     -0.0575195     -0.0727701      0.0500000      0.2000000      0.0148491     -0.1461437
     -0.0658868     -0.0949695      0.0500000      0.2000000      0.0399378      0.0597123
      0.1580050     -0.6017236      0.0500000      0.2000000      0.1283658     -0.1384931
      0.0639045     -0.0658105      0.0500000      0.2000000      0.0617974      0.1753076
     -0.1044386     -0.0372584      0.0500000      0.2000000     -0.1121546      0.1185123
      0.1999560      0.2122934      0.0500000      0.2000000      0.1489934      0.0133563
      0.0159549     -0.3929273      0.0500000      0.2000000      0.0243918     -0.1024137
     -0.1768455     -0.0575898      0.0500000      0.2000000     -0.1652187      0.2193537
     -0.0759086      0.1881614      0.0500000      0.2000000     -0.1626147      0.0588228
      0.1064383     -0.2590831      0.0500000      0.2000000      0.1676224     -0.0504750
     -0.1186147      0.2642730      0.0500000      0.2000000     -0.1643323     -0.0569666
      0.1427380      0.1626143      0.0500000      0.2000000      0.1196959      0.0450983
     -0.0041407     -0.3042605      0.0500000      0.2000000      0.0144205     -0.2356688
     -0.0071661      0.1122894      0.0500000      0.2000000      0.0325298      0.1207023
      0.0243182     -0.0062764      0.0500000      0.2000000      0.0375193      0.0892716
     -0.0787208      0.2140764      0.0500000      0.2000000     -0.1269601      0.1653636
      0.0766325     -0.2197322      0.0500000      0.2000000      0.0647359     -0.1503598
      0.0448879     -0.2742732      0.0500000      0.2000000      0.0732786     -0.0143938
      0.0241336     -0.2348657      0.0500000      0.2000000     -0.0494789      0.0412875
     -0.1012819     -0.2152913      0.0500000      0.2000000     -0.0804938     -0.0715150
     -0.0991040     -0.0255762      0.0500000      0.2000000     -0.0514227     -0.0947450
      0.0445998      0.2682448      0.0500000      0.2000000      0.0767199      0.0677738
      0.0667793      0.2140429      0.0500000      0.2000000      0.0973069      0.2285367
     -0.0386751      0.2267924      0.0500000      0.2000000      0.0567259     -0.0391912
     -0.0129064     -0.1051178      0.0500000      0.2000000     -0.0533085     -0.0749787
     -0.0053545      0.0903185      0.0500000      0.2000000      0.0598022      0.0250552
     -0.1611161      0.0889773      0.0500000      0.2000000     -0.1391380     -0.0347315
     -0.1063198      0.0455757      0.0500000      0.2000000     -0.1501763      0.0206247
     -0.0883020     -0.1726110      0.0500000      0.2000000     -0.0258477     -0.0844243
      0.0830571      0.0614473      0.0500000      0.2000000     -0.0114370     -0.0452825
     -0.0003277     -0.0142077      0.0500000      0.2000000     -0.0515698      0.1859573
      0.0555706      0.2912616      0.0500000      0.2000000     -0.0127495      0.1249118
      0.0849859      0.1655520      0.0500000      0.2000000     -0.0905543     -0.0129084
     -0.0075683     -0.0258559      0.0500000      0.2000000      0.0132679     -0.0294453
     -0.0283879      0.0714539      0.0500000      0.2000000     -0.0567040      0.0148116
      0.1714863      0.1014514      0.0500000      0.2000000      0.0970821      0.1140088
      0.0755508     -0.0893528      0.0500000      0.2000000     -0.0389515     -0.1951544
      0.0677527     -0.1826486      0.0500000      0.2000000      0.0128561      0.0655006
     -0.0285691     -0.3889285      0.0500000      0.2000000     -0.0165023     -0.1503719
      0.0222267     -0.0331614      0.0500000      0.2000000     -0.0387716     -0.0970896
     -0.0556560      0.3633565      0.0500000      0.2000000     -0.0310581     -0.0194692
     -0.0077864      0.3612655      0.0500000      0.2000000     -0.0125855      0.0370738
     -0.0515818     -0.3069392      0.0500000      0.2000000     -0.0730573     -0.0382731
     -0.0736896     -0.0236721      0.0500000      0.2000000     -0.0080441      0.1367344
     -0.0503379     -0.0467458      0.0500000      0.2000000     -0.0663371     -0.0670440
     -0.0322203     -0.3230793      0.0500000      0.2000000     -0.0578783     -0.1262860
     -0.0071002      0.2552249      0.0500000      0.2000000      0.0746734      0.0831639
     -0.1693910     -0.2384686      0.0500000      0.2000000     -0.0746498     -0.1945430
     -0.0060201      0.0193215      0.0500000      0.2000000     -0.1138985      0.0751939
      0.1177684      0.2759861      0.0500000      0.2000000      0.1448268      0.0269173
      0.0415617     -0.2305230      0.0500000      0.2000000      0.0656577     -0.1089302
      0.1179508     -0.1396501      0.0500000      0.2000000      0.1600034     -0.0688977
      0.1204184      0.2677274      0.0500000      0.2000000      0.0729629      0.0978151
      0.0623725     -0.3465323      0.0500000      0.2000000      0.1069622     -0.0043287
      0.1008575      0.0915459      0.0500000      0.2000000      0.0999091     -0.0086526
     -0.1470132     -0.0894088      0.0500000      0.2000000     -0.0640324      0.0925461
      0.0679155     -0.2039872      0.0500000      0.2000000      0.0252938      0.1341759
      0.0430631     -0.0275859      0.0500000      0.2000000      0.0322211      0.0141000
      0.0855453     -0.3028460      0.0500000      0.2000000      0.0316178     -0.0730522
      0.2595841     -0.0636142      0.0500000      0.2000000      0.0967138     -0.0386425
      0.1207883      0.0033674      0.0500000      0.2000000     -0.0118857     -0.1778304
     -0.0885370     -0.0275771      0.0500000      0.2000000     -0.0537025      0.0715614
     -0.0458399      0.2036092      0.0500000      0.2000000     -0.0290994      0.0016923
      0.2290952      0.2906764      0.0500000      0.2000000      0.2847951      0.1568587
      0.2752968      0.1141310      0.0500000      0.2000000      0.2981947      0.1274655
      0.1576273     -0.2061292      0.0500000      0.2000000      0.1425883     -0.0609233
     -0.0642136      0.2463745      0.0500000      0.2000000     -0.0062886      0.0798603
      0.0914495     -0.2140736      0.0500000      0.2000000      0.0410207      0.0648675
      0.0895634      0.2304309      0.0500000      0.2000000      0.0539314      0.1879714
      0.0743646     -0.1868954      0.0500000      0.2000000      0.0621192      0.1314867
     -0.1257544     -0.0955108      0.0500000      0.2000000     -0.0663836      0.0152444
      0.0600303     -0.3570016      0.0500000      0.2000000     -0.0033525     -0.3064732
     -0.0488287     -0.0737112      0.0500000      0.2000000     -0.0601613      0.0915911
      0.2394103      0.1984977      0.0500000      0.2000000      0.0986063     -0.1046780
      0.1303921     -0.2060174      0.0500000      0.2000000      0.1182970     -0.0248726
      0.0877633     -0.0305818      0.0500000      0.2000000      0.1026745      0.0323484
     -0.0299395      0.1283803      0.0500000      0.2000000      0.0522564      0.0811031
      0.0143593      0.0399539      0.0500000      0.2000000     -0.0400680      0.0372326
     -0.1428934      0.0572176      0.0500000      0.2000000     -0.1107803      0.1587639
     -0.0576653     -0.0356896      0.0500000      0.2000000     -0.0477045     -0.0853839
     -0.0984651      0.0287224      0.0500000      0.2000000     -0.0908920     -0.0814370
      0.2138443     -0.2549177      0.0500000      0.2000000      0.1947283     -0.0102165
     -0.1364356      0.2039110      0.0500000      0.2000000     -0.0901117     -0.0039564
      0.0366815     -0.1986622      0.0500000      0.2000000     -0.0238695     -0.0362710
      0.0975906      0.3500139      0.0500000      0.2000000      0.1036910      0.1183059
     -0.1815673     -0.1362094      0.0500000      0.2000000     -0.1042958     -0.0772642
      0.0015362     -0.2738818      0.0500000      0.2000000      0.0171368     -0.1552648
      0.1978055     -0.0115470      0.0500000      0.2000000      0.1397079      0.0631970
     -0.2241017     -0.5044477      0.0500000      0.2000000     -0.1839175     -0.1523454
      0.0825474     -0.0919717      0.0500000      0.2000000      0.0653084     -0.0530469
      0.0224504     -0.1022512      0.0500000      0.2000000     -0.0342441     -0.0215658
     -0.2333357      0.3114349      0.0500000      0.2000000     -0.1473433      0.1374594
     -0.0468222      0.2486452      0.0500000      0.2000000      0.0346678      0.0962480
      0.0020725      0.1292665      0.0500000      0.2000000     -0.0187230      0.1165716
     -0.1268703      0.0749521      0.0500000      0.2000000     -0.1021508     -0.0255167
      0.0911476      0.0292416      0.0500000      0.2000000      0.0344504      0.0218793
      0.0298277     -0.1046202      0.0500000      0.2000000      0.0122852     -0.1283512
     -0.0101903      0.1028626      0.0500000      0.2000000     -0.0266238      0.0698830
      0.1762260     -0.0397374      0.0500000      0.2000000      0.1274299     -0.1184396
     -0.0100510      0.2529363      0.0500000      0.2000000     -0.0542113     -0.0204098
      0.0705091      0.1137412      0.0500000      0.2000000      0.0006186      0.0632496
      0.3136181     -0.1801808      0.0500000      0.2000000      0.2258416      0.0782545
     -0.0845707      0.4103352      0.0500000      0.2000000     -0.0815043     -0.1148805
     -0.0857198      0.1855551      0.0500000      0.2000000     -0.0386445      0.0698193
     -0.1071766      0.3824944      0.0500000      0.2000000     -0.0683527      0.1397647
     -0.0844708     -0.0270106      0.0500000      0.2000000     -0.1141557      0.2064393
     -0.1738575     -0.2994963      0.0500000      0.2000000     -0.1695379     -0.0113191
     -0.2089564     -0.1559495      0.0500000      0.2000000     -0.2055817      0.0230103
     -0.1242702      0.4423417      0.0500000      0.2000000     -0.1300468      0.2829114
     -0.1308420      0.0643150      0.0500000      0.2000000     -0.0977777     -0.0710668
      0.0140368     -0.1459254      0.0500000      0.2000000     -0.0249587      0.0365612
     -0.0212459     -0.2893261      0.0500000      0.2000000     -0.0948938     -0.0163163
     -0.1983910      0.1294106      0.0500000      0.2000000     -0.1764618      0.1710985
      0.0104287      0.1044035      0.0500000      0.2000000     -0.0141192     -0.0539425
      0.1019050     -0.1429443      0.0500000      0.2000000      0.0908540     -0.0795183
     -0.0149351     -0.2706094      0.0500000      0.2000000     -0.0484043     -0.0302189
     -0.2216619     -0.0971171      0.0500000      0.2000000     -0.1386126     -0.1310470
      0.0330543      0.2279960      0.0500000      0.2000000      0.0602655     -0.0011557
     -0.0279435      0.0856156      0.0500000      0.2000000     -0.0839965      0.1146382
     -0.0408980      0.3783068      0.0500000      0.2000000     -0.0643804      0.0698644
      0.2021513      0.3272847      0.0500000      0.2000000      0.1715974     -0.0206432
      0.0371349     -0.1379974      0.0500000      0.2000000      0.0432125     -0.0976399
      0.0005667      0.1520102      0.0500000      0.2000000      0.0684497      0.1755891
     -0.0508423      0.0030841      0.0500000      0.2000000      0.0801383      0.0464093
     -0.2534631     -0.2375519      0.0500000      0.2000000     -0.1405762     -0.0153846
     -0.2420379      0.3508394      0.0500000      0.2000000     -0.1845616     -0.0502996
      0.0105075     -0.0218355      0.0500000      0.2000000      0.0336820     -0.0837182
     -0.1244484      0.3457899      0.0500000      0.2000000     -0.0988189      0.2175440
     -0.1411643      0.3236210      0.0500000      0.2000000     -0.1071113      0.1387527
      0.1043322      0.1774089      0.0500000      0.2000000      0.1206331     -0.0910695
      0.0645818     -0.0675656      0.0500000      0.2000000      0.0699426      0.0982052
      0.0225517      0.1217976      0.0500000      0.2000000      0.0985627      0.2960025
      0.1785933     -0.0164616      0.0500000      0.2000000      0.0837040      0.0491812
     -0.1494649      0.4022850      0.0500000      0.2000000     -0.1275897      0.1996994
      0.3260135     -0.0624875      0.0500000      0.2000000      0.3030237      0.0501650
      0.0769219      0.2397391      0.0500000      0.2000000      0.0754680     -0.0432988
     -0.0670105      0.3294842      0.0500000      0.2000000     -0.0791780      0.0178799
      0.0721106     -0.4115902      0.0500000      0.2000000      0.0726527     -0.0082779
      0.0528135      0.0999276      0.0500000      0.2000000      0.0708693     -0.0654161
      0.0806602     -0.3964403      0.0500000      0.2000000      0.0856819     -0.1272822
     -0.1162517      0.1464713      0.0500000      0.2000000     -0.0492761     -0.0005600
     -0.2220985      0.0774521      0.0500000      0.2000000     -0.1554267      0.0351215
     -0.2784544      0.1096795      0.0500000      0.2000000     -0.1902547     -0.0483128
     -0.1128909      0.3227819      0.0500000      0.2000000     -0.0723839      0.1247656
     -0.0048177     -0.1269119      0.0500000      0.2000000      0.0481070     -0.0738137
      0.0557113     -0.2683155      0.0500000      0.2000000      0.0983989      0.0192799
      0.0295211      0.1690855      0.0500000      0.2000000      0.0191351      0.0532065
      0.0204410      0.3469850      0.0500000      0.2000000      0.0204043      0.0500873
     -0.1265673     -0.0322962      0.0500000      0.2000000     -0.0453513      0.0776903
      0.0730497      0.2743840      0.0500000      0.2000000      0.0896444      0.0010870
      0.1225895     -0.2122937      0.0500000      0.2000000      0.1728990     -0.0428425
      0.0225070     -0.0285950      0.0500000      0.2000000      0.0510712      0.0496008
      0.0876916     -0.3577499      0.0500000      0.2000000      0.0344002     -0.0751890
      0.0601003      0.2337718      0.0500000      0.2000000      0.1437748      0.1369054
      0.1607438     -0.0225022      0.0500000      0.2000000      0.1435456     -0.0578729
      0.0994023      0.2093354      0.0500000      0.2000000      0.0434939      0.1411474
      0.0630748      0.0064745      0.0500000      0.2000000      0.0880178      0.0040692
     -0.0590918     -0.1855136      0.0500000      0.2000000     -0.1267586      0.0651559
      0.0765062      0.0615868      0.0500000      0.2000000      0.0014588      0.0885906
      0.0575364     -0.0728992      0.0500000      0.2000000      0.0527974     -0.0160210
      0.0047220     -0.1212613      0.0500000      0.2000000      0.0599806      0.0497186
      0.0063549     -0.0754986      0.0500000      0.2000000     -0.0465148      0.1384449
      0.0787339     -0.0647369      0.0500000      0.2000000      0.0722900     -0.0839985
     -0.0410947     -0.1498409      0.0500000      0.2000000      0.0064640      0.0181830
     -0.0168566     -0.1524817      0.0500000      0.2000000     -0.0929483     -0.0229609
      0.0233749     -0.0169943      0.0500000      0.2000000      0.0771721     -0.1438973
     -0.0735356     -0.2243622      0.0500000      0.2000000     -0.0621745     -0.1099536
      0.0117372     -0.2028877      0.0500000      0.2000000      0.1101770     -0.2174292
     -0.0853348     -0.0247447      0.0500000      0.2000000     -0.0769213     -0.0378589
     -0.0426392     -0.8206418      0.0500000      0.2000000      0.0506615     -0.0174905
     -0.2909465     -0.2421931      0.0500000      0.2000000     -0.2739906     -0.0145758
      0.0064077      0.0337164      0.0500000      0.2000000     -0.0723340      0.0736393
     -0.1332740     -0.0439441      0.0500000      0.2000000     -0.1095183     -0.0518458
      0.1181799      0.2846428      0.0500000      0.2000000      0.0334154      0.1157828
      0.0180047     -0.1353677      0.0500000      0.2000000     -0.0522158     -0.1989705
     -0.0488724      0.0233799      0.0500000      0.2000000     -0.0244024      0.1610754
      0.0917356     -0.0597052      0.0500000      0.2000000      0.1053455      0.0037949
     -0.0577492      0.0914830      0.0500000      0.2000000     -0.0575437      0.0202342
      0.1208975      0.1561268      0.0500000      0.2000000      0.1207839     -0.0663682
     -0.2251096      0.2794820      0.0500000      0.2000000     -0.2343161     -0.1511094
     -0.1234022      0.3690825      0.0500000      0.2000000     -0.0723120      0.2463605
      0.2012068     -0.4134117      0.0500000      0.2000000      0.1750012     -0.0397655
      0.0278563      0.1552078      0.0500000      0.2000000      0.0248578      0.1772058
      0.0022646     -0.1121396      0.0500000      0.2000000      0.0454044      0.0506697
     -0.0987396     -0.0202532      0.0500000      0.2000000     -0.0870591      0.1151140
     -0.1566495      0.1342109      0.0500000      0.2000000     -0.0639071      0.0811606
     -0.0925833      0.1914198      0.0500000      0.2000000     -0.0474359      0.1556962
     -0.0232551      0.2391737      0.0500000      0.2000000      0.0232409      0.0671219
     -0.1682267      0.2010068      0.0500000      0.2000000     -0.1013043     -0.0312501
      0.0762730      0.2787282      0.0500000      0.2000000      0.0622226      0.1721633
     -0.0715284      0.1859021      0.0500000      0.2000000     -0.1133963      0.0604879
     -0.0508243      0.0356611      0.0500000      0.2000000     -0.0431629     -0.0173148
     -0.0153485      0.0069922      0.0500000      0.2000000      0.0268419     -0.2076965
     -0.1614784     -0.0056600      0.0500000      0.2000000     -0.1047881      0.0074226
      0.0947597     -0.1150171      0.0500000      0.2000000      0.0999454     -0.1016685
      0.1312530     -0.4300379      0.0500000      0.2000000      0.1446382     -0.1261189
      0.0700580      0.1767431      0.0500000      0.2000000      0.0160881      0.1861346
      0.1924032      0.0064958      0.0500000      0.2000000      0.0750738     -0.0676373
      0.0801862      0.2638134      0.0500000      0.2000000      0.0980258      0.1629922
      0.0355985      0.5419028      0.0500000      0.2000000      0.0187524      0.0383065
     -0.0482292      0.0142249      0.0500000      0.2000000      0.0198798     -0.0888973
     -0.0560904      0.1737681      0.0500000      0.2000000     -0.0747212      0.0363605
     -0.1793285     -0.0835650      0.0500000      0.2000000     -0.1625558     -0.0940244
      0.0543714      0.2151327      0.0500000      0.2000000      0.0373088      0.1213337
      0.0321473      0.2052799      0.0500000      0.2000000      0.0013215      0.0668921
      0.0535925      0.1917367      0.0500000      0.2000000      0.1285088      0.1185080
     -0.1090326      0.3208672      0.0500000      0.2000000     -0.1816970     -0.0482996
      0.0044987     -0.0893742      0.0500000      0.2000000      0.0024065      0.0208839
      0.1729046      0.5978032      0.0500000      0.2000000      0.2423301      0.0801595
      0.0017630      0.0743686      0.0500000      0.2000000     -0.0275073     -0.0353760
     -0.0155987      0.2305078      0.0500000      0.2000000     -0.0156444      0.1937474
      0.0691905      0.1246449      0.0500000      0.2000000      0.0615281      0.0488275
      0.1421032      0.0935887      0.0500000      0.2000000      0.1417028      0.1357269
      0.0166205      0.0000286      0.0500000      0.2000000      0.0539350     -0.1461503
      0.0086122      0.0637259      0.0500000      0.2000000     -0.0798581     -0.0837586
     -0.0942266      0.3760168      0.0500000      0.2000000     -0.0968455      0.0990403
     -0.0732560     -0.0435509      0.0500000      0.2000000     -0.0252206      0.1004221
     -0.1108619      0.4812096      0.0500000      0.2000000     -0.1453520      0.2958270
     -0.0197599     -0.0539428      0.0500000      0.2000000     -0.0339433     -0.0401973
     -0.0622061      0.0233282      0.0500000      0.2000000     -0.0914979      0.0919790
      0.0062565      0.4009165      0.0500000      0.2000000      0.0412159      0.1510838
      0.1386474      0.0974607      0.0500000      0.2000000      0.0866672     -0.0078668
     -0.0243301     -0.1546838      0.0500000      0.2000000     -0.0588267      0.0230649
      0.0879205     -0.0055698      0.0500000      0.2000000      0.0386763     -0.0309157
      0.1113148      0.2944962      0.0500000      0.2000000      0.1690453     -0.0291066
      0.0363452      0.2293966      0.0500000      0.2000000      0.0499217     -0.0061661
     -0.0299571      0.0789798      0.0500000      0.2000000      0.0357766     -0.1147268
     -0.2229426      0.0900162      0.0500000      0.2000000     -0.1391188     -0.0584253
     -0.0969439      0.0525667      0.0500000      0.2000000     -0.0500852     -0.2143544
      0.0362941     -0.2833503      0.0500000      0.2000000      0.0354813     -0.1362054
      0.2166287      0.0276612      0.0500000      0.2000000      0.1839812      0.0128547
      0.1233611     -0.3213462      0.0500000      0.2000000      0.1100600     -0.1562509
     -0.0423714     -0.0914748      0.0500000      0.2000000      0.0063684      0.0737704
     -0.1688223     -0.0925999      0.0500000      0.2000000     -0.1719118     -0.0909637
      0.1462400     -0.2001009      0.0500000      0.2000000      0.1065608     -0.1496363
     -0.0323694      0.4027580      0.0500000      0.2000000     -0.1048211      0.1553722
      0.0900423     -0.2357958      0.0500000      0.2000000      0.0128946     -0.1702277
     -0.0172904      0.2655816      0.0500000      0.2000000     -0.0047454      0.1003556
     -0.0150492     -0.0298837      0.0500000      0.2000000     -0.0464525     -0.0278621
      0.0644376     -0.2582370      0.0500000      0.2000000      0.0258674     -0.1432555
     -0.0395338      0.1112099      0.0500000      0.2000000      0.0274161      0.0267388
      0.0695450      0.0507835      0.0500000      0.2000000      0.1013095      0.0653109
      0.1118114      0.0507375      0.0500000      0.2000000      0.0134504      0.0260488
      0.0065346      0.0102390      0.0500000      0.2000000      0.0427661     -0.1003031
      0.0326653     -0.1322136      0.0500000      0.2000000      0.0226357      0.0059372
     -0.1558766      0.0729983      0.0500000      0.2000000     -0.0739391     -0.0528933
      0.0166356      0.0113020      0.0500000      0.2000000      0.0547385     -0.0036707
      0.0909646     -0.0882437      0.0500000      0.2000000     -0.0177327      0.0998800
      0.0474735      0.0961352      0.0500000      0.2000000      0.0443093      0.1381198
      0.0404868     -0.0878463      0.0500000      0.2000000      0.0055448     -0.1232580
     -0.1435362      0.0541624      0.0500000      0.2000000     -0.0763838      0.0986790
      0.1399647     -0.0652727      0.0500000      0.2000000      0.0926612     -0.2225420
      0.1653089      0.3213424      0.0500000      0.2000000      0.1245129      0.1536889
      0.0288836     -0.1316969      0.0500000      0.2000000     -0.0100646     -0.0168766
     -0.0368298     -0.3174201      0.0500000      0.2000000      0.0211628     -0.0830034
      0.0644501     -0.1328245      0.0500000      0.2000000      0.0160838     -0.0580713
      0.1081941     -0.3509827      0.0500000      0.2000000      0.1037735     -0.0294555
     -0.0439920      0.1858550      0.0500000      0.2000000     -0.0417601      0.0412298
     -0.0208201     -0.2238729      0.0500000      0.2000000     -0.0366050      0.0292736
      0.0546268     -0.1148497      0.0500000      0.2000000      0.0934418      0.0736306
     -0.1258214      0.4392987      0.0500000      0.2000000     -0.0942578     -0.0891882
     -0.0901196     -0.0260824      0.0500000      0.2000000     -0.0500313     -0.0686077
     -0.1579865     -0.1507170      0.0500000      0.2000000     -0.1249324     -0.0294205
     -0.0107376     -0.0285404      0.0500000      0.2000000     -0.0141458     -0.1615198
      0.1564561      0.3049500      0.0500000      0.2000000      0.0793780      0.1670779
     -0.2094437     -0.0011454      0.0500000      0.2000000     -0.1798864      0.0968595
     -0.0295701      0.2649969      0.0500000      0.2000000     -0.0333690      0.0802102
     -0.1275543     -0.3621762      0.0500000      0.2000000     -0.0999156     -0.0803184
     -0.0613137     -0.1003527      0.0500000      0.2000000     -0.0598628      0.0283314
     -0.0287485      0.1836007      0.0500000      0.2000000      0.0053551     -0.1250854
     -0.1212660     -0.0503938      0.0500000      0.2000000     -0.0914503     -0.1163259
      0.1656064     -0.1704490      0.0500000      0.2000000      0.2090207     -0.0550630
      0.0346487     -0.1789144      0.0500000      0.2000000     -0.0094972      0.0479510
      0.0238278      0.0297901      0.0500000      0.2000000     -0.0061765     -0.0426925
      0.0513931     -0.1149025      0.0500000      0.2000000      0.0048175     -0.0647859
      0.1370150     -0.2671809      0.0500000      0.2000000      0.1013956     -0.1724073
      0.2061851     -0.1522663      0.0500000      0.2000000      0.2858177     -0.0261522
     -0.0083920      0.4091654      0.0500000      0.2000000     -0.0079223      0.0657457
     -0.0852368      0.0513874      0.0500000      0.2000000     -0.0813445     -0.0765117
      0.1898737     -0.1521463      0.0500000      0.2000000      0.1307067     -0.0347438
      0.1291453      0.0881156      0.0500000      0.2000000      0.0549413     -0.0460366
     -0.0975244     -0.7560428      0.0500000      0.2000000      0.0141700     -0.1288718
      0.0332759     -0.3490222      0.0500000      0.2000000      0.0121051      0.0020929
      0.1105659      0.1162646      0.0500000      0.2000000      0.0710380     -0.0182515
     -0.1939568     -0.0381737      0.0500000      0.2000000     -0.1265103     -0.0650937
     -0.0781362      0.4180538      0.0500000      0.2000000     -0.0215792      0.2330425
     -0.0260198     -0.0694971      0.0500000      0.2000000     -0.0330615     -0.1565519
      0.1086374     -0.2202244      0.0500000      0.2000000      0.0983348      0.0572537
     -0.0596667      0.1147356      0.0500000      0.2000000     -0.0013103      0.1603560
      0.0672167     -0.3067168      0.0500000      0.2000000     -0.0013211     -0.0320997
     -0.0926462     -0.0582436      0.0500000      0.2000000     -0.0989206     -0.0854151
      0.0234986     -0.0999306      0.0500000      0.2000000     -0.0532521     -0.0861427
      0.1249943     -0.1854038      0.0500000      0.2000000      0.1048406      0.0321495
      0.0312173     -0.0480276      0.0500000      0.2000000      0.0058836      0.1414894
     -0.2205088      0.0764782      0.0500000      0.2000000     -0.1861394     -0.0791285
     -0.0107866      0.1351792      0.0500000      0.2000000     -0.0565074      0.0532409
     -0.0625362     -0.2213880      0.0500000      0.2000000     -0.1063185     -0.0289803
      0.0685427      0.0953521      0.0500000      0.2000000     -0.0029382     -0.0052502
     -0.0729077     -0.3807890      0.0500000      0.2000000     -0.0007406     -0.1933473
     -0.1747033     -0.1667224      0.0500000      0.2000000     -0.1235803     -0.0694561
     -0.0921473     -0.1740183      0.0500000      0.2000000     -0.0430762      0.0089893
      0.0255754      0.2639737      0.0500000      0.2000000      0.0352318      0.0109514
      0.0150979      0.2931470      0.0500000      0.2000000     -0.0094361      0.1622709
      0.0310666      0.1154367      0.0500000      0.2000000     -0.0098741      0.1338957
     -0.0572799      0.2351812      0.0500000      0.2000000     -0.1036957      0.1305603
      0.0844104     -0.1096819      0.0500000      0.2000000      0.0586404     -0.0074721
      0.0146215      0.2115233      0.0500000      0.2000000     -0.0716634     -0.0129235
     -0.1035035     -0.3036612      0.0500000      0.2000000     -0.1224653      0.0489217
      0.0411050      0.1559570      0.0500000      0.2000000     -0.0101567      0.0197679
      0.0159144      0.5214520      0.0500000      0.2000000     -0.0750923      0.0092447
      0.2021595     -0.0474182      0.0500000      0.2000000      0.1463536      0.0281213
     -0.0674673     -0.2369890      0.0500000      0.2000000     -0.0652311     -0.0262969
     -0.1009924      0.1316182      0.0500000      0.2000000     -0.0798533      0.0948726
      0.1628371     -0.1795137      0.0500000      0.2000000      0.1176870     -0.1270391
      0.1683883     -0.1114305      0.0500000      0.2000000      0.1811878      0.1918986
      0.1079112      0.1060000      0.0500000      0.2000000      0.0853661      0.1322402
      0.0444993     -0.1305501      0.0500000      0.2000000     -0.0038374     -0.0631133
      0.0431763     -0.0576127      0.0500000      0.2000000     -0.0337436     -0.1516296
      0.2714622     -0.3223987      0.0500000      0.2000000      0.1761975     -0.1646823
      0.1840795     -0.3571797      0.0500000      0.2000000      0.1406760     -0.0468147
      0.0179521     -0.0281800      0.0500000      0.2000000     -0.0333405      0.0740804
      0.0060636      0.1351497      0.0500000      0.2000000      0.0702187      0.0139880
     -0.0501943      0.1406635      0.0500000      0.2000000     -0.1292963      0.1851590
      0.1401557      0.0236285      0.0500000      0.2000000      0.0924801     -0.0894638
      0.0383775     -0.0385282      0.0500000      0.2000000      0.0092691     -0.2309698
     -0.0226367     -0.1742059      0.0500000      0.2000000     -0.0231161     -0.0988099
     -0.0185948     -0.0275101      0.0500000      0.2000000     -0.0153015      0.1381093
      0.0385069      0.1197438      0.0500000      0.2000000      0.0281714     -0.0070740
     -0.0303849     -0.2349138      0.0500000      0.2000000      0.0713513     -0.2922644
      0.0507651     -0.5314897      0.0500000      0.2000000      0.1091507      0.0799903
      0.1947725      0.1828885      0.0500000      0.2000000      0.2850930      0.2651901
      0.2755596      0.0903497      0.0500000      0.2000000      0.2999797     -0.0468663
      0.0711963      0.4054458      0.0500000      0.2000000      0.0215946      0.2020677
     -0.0000244      0.1719492      0.0500000      0.2000000      0.0756126      0.0668582
      0.0254003     -0.0833870      0.0500000      0.2000000     -0.0061709     -0.1193892
      0.0062872      0.5035650      0.0500000      0.2000000     -0.0007350      0.2528669
     -0.1890070     -0.1979060      0.0500000      0.2000000     -0.1172514      0.0611853
      0.1511990     -0.1185491      0.0500000      0.2000000      0.1596272     -0.0468428
     -0.1539411     -0.0967065      0.0500000      0.2000000     -0.0645696     -0.1744541
     -0.1980401      0.1011251      0.0500000      0.2000000     -0.1534705     -0.1371350
     -0.1703545     -0.1719479      0.0500000      0.2000000     -0.1708674      0.0542468
      0.0029172      0.0180317      0.0500000      0.2000000      0.0603526      0.0515609
      0.0125577      0.0759760      0.0500000      0.2000000      0.0885295     -0.0795119
      0.2016636     -0.1108151      0.0500000      0.2000000      0.1053268     -0.1358809
     -0.1660921      0.0502530      0.0500000      0.2000000     -0.1322183     -0.0011219
      0.2412190     -0.0327075      0.0500000      0.2000000      0.2132442     -0.0527827
     -0.0052695     -0.1689797      0.0500000      0.2000000     -0.0552415     -0.0912778
     -0.1467742      0.1112342      0.0500000      0.2000000     -0.1309532      0.0649037
      0.1048917      0.0546112      0.0500000      0.2000000      0.1314544     -0.0008051
      0.3153528      0.0105202      0.0500000      0.2000000      0.2888834      0.1000941
     -0.0198097     -0.1546805      0.0500000      0.2000000     -0.0487800      0.0036913
     -0.0092802      0.1545324      0.0500000      0.2000000     -0.0175326     -0.0242839
      0.1498022     -0.1724977      0.0500000      0.2000000      0.0837219     -0.2484983
      0.0483039     -0.2197279      0.0500000      0.2000000      0.0475600      0.1237772
     -0.2011271      0.0818719      0.0500000      0.2000000     -0.1860237     -0.0657451
     -0.0241860      0.1194592      0.0500000      0.2000000     -0.0495762      0.0123739
     -0.0759817     -0.1127230      0.0500000      0.2000000     -0.1447975      0.1384381
      0.2062771     -0.4161555      0.0500000      0.2000000      0.1108166      0.0226416
     -0.0670408     -0.2680632      0.0500000      0.2000000     -0.0952007     -0.1026505
     -0.1048251     -0.2204706      0.0500000      0.2000000     -0.1081724      0.0678721
      0.1621318     -0.1738860      0.0500000      0.2000000      0.1074887     -0.0154315
      0.0876457     -0.0741609      0.0500000      0.2000000      0.0994897      0.0245720
     -0.0960781      0.0593418      0.0500000      0.2000000     -0.0901172      0.0957371
     -0.0722458      0.2281386      0.0500000      0.2000000      0.0060534      0.1356361
     -0.0707268      0.2261752      0.0500000      0.2000000     -0.0328639      0.1609812
      0.1121544      0.2866476      0.0500000      0.2000000      0.0451151      0.1536362
      0.1138035     -0.1763690      0.0500000      0.2000000     -0.0038420     -0.1037030
      0.1192285      0.2356570      0.0500000      0.2000000      0.1211568      0.1717506
      0.1077326     -0.1878849      0.0500000      0.2000000      0.1499134     -0.1404686
     -0.1259136     -0.0872355      0.0500000      0.2000000     -0.1181192     -0.0377708
      0.0147789      0.0101503      0.0500000      0.2000000      0.0831366     -0.2339347
      0.1167102     -0.0765532      0.0500000      0.2000000      0.1452405      0.0319494
     -0.1788097     -0.0831915      0.0500000      0.2000000     -0.1598924     -0.0930607
      0.0150128     -0.0712966      0.0500000      0.2000000      0.0128220     -0.1637099
     -0.0080257      0.1606548      0.0500000      0.2000000     -0.0221760      0.0347085
      0.1150737     -0.1076827      0.0500000      0.2000000      0.0550167     -0.1721444
      0.0687919     -0.6878636      0.0500000      0.2000000      0.0031486     -0.1224714
      0.0370864     -0.1583051      0.0500000      0.2000000     -0.0239341     -0.0648408
     -0.0948728      0.3441785      0.0500000      0.2000000      0.0020779      0.1140205
     -0.0589587     -0.1139079      0.0500000      0.2000000     -0.0249080     -0.1265748
     -0.0423401     -0.3030103      0.0500000      0.2000000     -0.0260733      0.0795149
     -0.0075349      0.2917028      0.0500000      0.2000000      0.0570891      0.1250994
      0.1591174     -0.4335588      0.0500000      0.2000000      0.1553464      0.0135045
      0.0684888     -0.3282654      0.0500000      0.2000000     -0.0218574     -0.1368068
     -0.0390039     -0.2725126      0.0500000      0.2000000      0.0777931     -0.0176074
      0.0675524      0.2206469      0.0500000      0.2000000      0.0528429      0.1785812
     -0.2872000      0.0430298      0.0500000      0.2000000     -0.1945275      0.0998224
     -0.0966694     -0.1001484      0.0500000      0.2000000     -0.0788201     -0.0775709
     -0.0805695      0.4416068      0.0500000      0.2000000     -0.0174412      0.1474363
      0.1861045     -0.1769743      0.0500000      0.2000000      0.1627368     -0.1542765
     -0.1124271      0.1836947      0.0500000      0.2000000     -0.1435522      0.1384531
      0.0671478     -0.1755981      0.0500000      0.2000000     -0.0338580     -0.1262827
      0.0060994      0.0620367      0.0500000      0.2000000      0.0099044      0.0158878
      0.0995653      0.1948697      0.0500000      0.2000000      0.0859490     -0.1804100
      0.0427960      0.2659075      0.0500000      0.2000000     -0.0010230      0.0628149
     -0.0309558     -0.2316382      0.0500000      0.2000000      0.0354600     -0.0416748
     -0.0015440      0.1278480      0.0500000      0.2000000     -0.0898274     -0.1080205
      0.0990836     -0.1456837      0.0500000      0.2000000      0.0784821     -0.0067399
      0.1552176      0.1176298      0.0500000      0.2000000      0.1400960     -0.0477945
      0.0945976     -0.4196353      0.0500000      0.2000000      0.0463817     -0.1175402
      0.0647108      0.1461583      0.0500000      0.2000000      0.1748162     -0.1205246
      0.1667795     -0.0670574      0.0500000      0.2000000      0.1175497     -0.1092451
      0.0301975     -0.0577522      0.0500000      0.2000000     -0.0439051      0.0408703
      0.1615876     -0.0702733      0.0500000      0.2000000      0.1374365     -0.0270755
     -0.0296989     -0.0391867      0.0500000      0.2000000     -0.0667046     -0.0082939
      0.0596169     -0.3500240      0.0500000      0.2000000      0.0778701     -0.1125296
      0.0853640     -0.2000445      0.0500000      0.2000000      0.0853117      0.0161919
      0.2395967      0.3898343      0.0500000      0.2000000      0.1347513     -0.1702230
      0.0045856      0.0483741      0.0500000      0.2000000      0.0250778     -0.0528588
     -0.1828453     -0.0595092      0.0500000      0.2000000     -0.1158405      0.0448599
     -0.0343263      0.1955378      0.0500000      0.2000000     -0.0965474      0.0694010
      0.0024984      0.4943617      0.0500000      0.2000000      0.0101095      0.0257322
     -0.0436142     -0.1593828      0.0500000      0.2000000      0.0161019      0.0417873
      0.0343101      0.0859235      0.0500000      0.2000000      0.0754272     -0.0485023
      0.2667861      0.3406425      0.0500000      0.2000000      0.1999224      0.1124372
     -0.0306113     -0.0091253      0.0500000      0.2000000     -0.0400848     -0.0179894
     -0.2029458      0.0997663      0.0500000      0.2000000     -0.1429096      0.0209926
      0.0376049     -0.0273051      0.0500000      0.2000000      0.0688252     -0.1631319
      0.1242022     -0.1260596      0.0500000      0.2000000      0.0765730      0.0845105
      0.1142658      0.0549218      0.0500000      0.2000000      0.0488172     -0.0241884
      0.0242060     -0.1057846      0.0500000      0.2000000     -0.0246795     -0.0361662
     -0.2708679     -0.1705176      0.0500000      0.2000000     -0.1652934      0.0853692
      0.0486382      0.0036906      0.0500000      0.2000000      0.0431737     -0.2950638
      0.0945324      0.1177072      0.0500000      0.2000000      0.0226008      0.0605241
     -0.0571024     -0.1895419      0.0500000      0.2000000     -0.0872812      0.0042770
      0.0010576     -0.1203042      0.0500000      0.2000000      0.0405623     -0.0626685
     -0.0375517      0.0027084      0.0500000      0.2000000     -0.0828702     -0.0930474
     -0.1189055     -0.1354951      0.0500000      0.2000000     -0.0316691     -0.1488067
      0.0776395     -0.2959192      0.0500000      0.2000000      0.0819714     -0.1043982
      0.0650016     -0.0435157      0.0500000      0.2000000     -0.0127814      0.0284506
     -0.0593452     -0.0912187      0.0500000      0.2000000     -0.0426457     -0.0661516
     -0.0987335     -0.0748995      0.0500000      0.2000000     -0.1632019     -0.2111450
     -0.0303871     -0.1742761      0.0500000      0.2000000     -0.0336374     -0.1120554
     -0.0365514      0.1173378      0.0500000      0.2000000     -0.0046228      0.1145947
     -0.0224554     -0.0902941      0.0500000      0.2000000     -0.0308036     -0.0782494
      0.0844357      0.0037136      0.0500000      0.2000000      0.0544460     -0.0480336
     -0.1441900      0.2457833      0.0500000      0.2000000     -0.0823313      0.1666044
      0.0540813      0.0366592      0.0500000      0.2000000      0.0493237      0.0415079
      0.0058003     -0.0724385      0.0500000      0.2000000      0.0579703     -0.0979150
     -0.2077866     -0.1834094      0.0500000      0.2000000     -0.1405461     -0.0672389
     -0.0301694      0.0702597      0.0500000      0.2000000     -0.0829630     -0.0090453
      0.1097407      0.1038998      0.0500000      0.2000000      0.0867809      0.0791456
     -0.2192059     -0.3139856      0.0500000      0.2000000     -0.1542024      0.0562246
     -0.0345658      0.3643498      0.0500000      0.2000000     -0.0057697      0.1339607
      0.1813568      0.1027425      0.0500000      0.2000000      0.0594151      0.1927972
      0.0978600      0.1844587      0.0500000      0.2000000      0.0543395     -0.0073691
     -0.0477969     -0.2073007      0.0500000      0.2000000     -0.0965432     -0.0420532
      0.0768944     -0.2329729      0.0500000      0.2000000      0.0445618     -0.0071156
     -0.0664606     -0.1143320      0.0500000      0.2000000     -0.0348520     -0.1053141
      0.0645163     -0.2518367      0.0500000      0.2000000      0.0704739     -0.0359789
     -0.0181213     -0.0367747      0.0500000      0.2000000      0.0699233     -0.1104613
      0.0729316      0.1647963      0.0500000      0.2000000      0.0397755     -0.1114105
      0.0024905     -0.0043080      0.0500000      0.2000000     -0.0576628     -0.0901293
     -0.1197753      0.2981417      0.0500000      0.2000000     -0.1020363     -0.0383355
      0.0681763     -0.0025527      0.0500000      0.2000000      0.0862070     -0.1905322
     -0.0245837     -0.0915690      0.0500000      0.2000000      0.0205160     -0.1041135
      0.0688844     -0.0639811      0.0500000      0.2000000      0.0659468      0.0716540
     -0.0700759      0.1751705      0.0500000      0.2000000     -0.0988401      0.1304630
      0.0118123      0.3415482      0.0500000      0.2000000     -0.0424282      0.0156425
      0.1588123      0.1561883      0.0500000      0.2000000      0.1111542      0.0186097
      0.1443384      0.1136280      0.0500000      0.2000000      0.0515844     -0.0119885
     -0.1838246      0.2619437      0.0500000      0.2000000     -0.1238878      0.0261215
     -0.1704714     -0.3324231      0.0500000      0.2000000     -0.0991691     -0.0990801
     -0.1338042     -0.2186777      0.0500000      0.2000000     -0.1302674      0.0225863
      0.0957195      0.0889832      0.0500000      0.2000000      0.1154704      0.0562805
      0.1558560      0.6483156      0.0500000      0.2000000      0.1513893      0.0996441
     -0.0400881      0.1596388      0.0500000      0.2000000      0.0695920     -0.0119899
      0.0172139     -0.2192246      0.0500000      0.2000000     -0.0116710     -0.2535655
      0.0339651     -0.2031212      0.0500000      0.2000000     -0.0163039     -0.1319604
      0.0102908     -0.2286634      0.0500000      0.2000000      0.0034051      0.0812268
     -0.1219352     -0.0908633      0.0500000      0.2000000     -0.0997930     -0.0707352
     -0.0709056     -0.0441381      0.0500000      0.2000000      0.0032848     -0.0088963
     -0.0088981     -0.2393339      0.0500000      0.2000000     -0.0283438     -0.0633441
     -0.0397036     -0.0216923      0.0500000      0.2000000      0.0427181      0.0880469
      0.0524010     -0.0997193      0.0500000      0.2000000     -0.0362723     -0.2032124
      0.0069862     -0.1092454      0.0500000      0.2000000      0.0006091     -0.1812166
      0.1406214     -0.0938073      0.0500000      0.2000000      0.1050977     -0.0145109
     -0.0092340     -0.2503557      0.0500000      0.2000000      0.0249536     -0.1105517
     -0.1116585      0.1521323      0.0500000      0.2000000     -0.0691588     -0.0538196
     -0.0514372      0.0608216      0.0500000      0.2000000     -0.0773867      0.0704039
     -0.0115261     -0.0290938      0.0500000      0.2000000      0.0166876      0.0959950
     -0.0220241      0.1590023      0.0500000      0.2000000      0.0119127      0.0472657
      0.0082427     -0.1900784      0.0500000      0.2000000     -0.0281850      0.1567241
      0.1032108      0.4378265      0.0500000      0.2000000      0.1331618      0.1306106
     -0.0315698     -0.1567723      0.0500000      0.2000000     -0.0143891     -0.1226078
     -0.1972857      0.0807898      0.0500000      0.2000000     -0.1343188     -0.0258371
     -0.1093534     -0.1289611      0.0500000      0.2000000     -0.1257454     -0.0980774
      0.1300009      0.0999602      0.0500000      0.2000000      0.0934500      0.0809719
     -0.0955490     -0.0145053      0.0500000      0.2000000      0.0184899     -0.1688527
     -0.0039147      0.1225351      0.0500000      0.2000000      0.0557389      0.0113310
     -0.1250535     -0.0878607      0.0500000      0.2000000     -0.0439065     -0.0205207
     -0.2109965      0.1094464      0.0500000      0.2000000     -0.2836790      0.0782178
      0.1679175      0.0119124      0.0500000      0.2000000      0.1071993     -0.0205273
     -0.2284217      0.1130954      0.0500000      0.2000000     -0.1813224      0.0753596
     -0.2427373     -0.1489241      0.0500000      0.2000000     -0.1664829     -0.0395034
     -0.0674589     -0.1413787      0.0500000      0.2000000     -0.0697189     -0.0511737
      0.0509559      0.0195083      0.0500000      0.2000000      0.0224616      0.0981566
      0.0874844     -0.1325869      0.0500000      0.2000000      0.1161936      0.0230032
      0.1439298     -0.0810069      0.0500000      0.2000000      0.0373250     -0.0263551
      0.0727518      0.0093941      0.0500000      0.2000000      0.0708658      0.1082152
     -0.0836576     -0.0572921      0.0500000      0.2000000     -0.0359882      0.0126423
      0.0927010     -0.0566254      0.0500000      0.2000000     -0.0363407     -0.0253026
     -0.0011747      0.2682817      0.0500000      0.2000000      0.0618288      0.0186227
      0.0972686      0.2390666      0.0500000      0.2000000      0.0776066      0.0910301
      0.0533719      0.1464500      0.0500000      0.2000000      0.0175623      0.0461612
      0.0847376     -0.0334114      0.0500000      0.2000000      0.1087243     -0.0504683
      0.2050344     -0.5990970      0.0500000      0.2000000      0.2051107     -0.0692227
     -0.0032243     -0.0207297      0.0500000      0.2000000     -0.0216903      0.0012429
     -0.0717656     -0.3427516      0.0500000      0.2000000      0.0036931     -0.0012262
     -0.0103908      0.2033549      0.0500000      0.2000000     -0.0114691      0.0960667
      0.1606880      0.1290059      0.0500000      0.2000000      0.1533757      0.0452981
     -0.0271243     -0.1607681      0.0500000      0.2000000     -0.0655530     -0.1987901
     -0.0195330      0.1725898      0.0500000      0.2000000      0.0048474      0.0565071
      0.1496794      0.1084765      0.0500000      0.2000000      0.1239878      0.0726737
      0.0362581     -0.0608657      0.0500000      0.2000000      0.0133174     -0.1045756
      0.1024479     -0.1296190      0.0500000      0.2000000      0.0727883     -0.1088534
      0.0819293      0.1881911      0.0500000      0.2000000      0.0888113     -0.0125535
     -0.0200469     -0.3720483      0.0500000      0.2000000     -0.0435693     -0.0520944
      0.1432507      0.0315061      0.0500000      0.2000000      0.1285052     -0.0514137
      0.0739449     -0.1698045      0.0500000      0.2000000      0.0310439     -0.0847604
      0.0935265      0.1133106      0.0500000      0.2000000      0.0492840      0.0354590
     -0.1082167     -0.0865443      0.0500000      0.2000000     -0.0560243     -0.0532902
     -0.0062945     -0.3938057      0.0500000      0.2000000      0.0405106     -0.1371171
      0.1362613     -0.0682911      0.0500000      0.2000000      0.1449686     -0.1267569
      0.1228988      0.0968588      0.0500000      0.2000000      0.1021607     -0.1389665
      0.0714711     -0.3874288      0.0500000      0.2000000      0.0339243     -0.1216796
      0.0161935      0.0246208      0.0500000      0.2000000      0.0198003      0.0694214
      0.0115635     -0.1474444      0.0500000      0.2000000     -0.0039052     -0.1200737
      0.3208182      0.0287042      0.0500000      0.2000000      0.2716465      0.0487285
      0.0251742      0.2113684      0.0500000      0.2000000      0.0852002     -0.0963984
      0.0741512      0.1058292      0.0500000      0.2000000     -0.0015401      0.1882406
     -0.1104210      0.1442156      0.0500000      0.2000000     -0.0803140     -0.0372952
      0.0569934      0.0988883      0.0500000      0.2000000      0.0223231     -0.2700070
      0.1617069     -0.4871984      0.0500000      0.2000000      0.1042805     -0.0141161
     -0.0231029      0.0332603      0.0500000      0.2000000      0.0046977      0.1182873
     -0.0434106      0.4087491      0.0500000      0.2000000     -0.1447205      0.0664923
     -0.1200792      0.0825518      0.0500000      0.2000000     -0.1031761     -0.0681649
     -0.0946504     -0.0108785      0.0500000      0.2000000     -0.0456727      0.0286694
     -0.0224935      0.0068734      0.0500000      0.2000000     -0.0398557     -0.0350006
      0.0516881      0.0615091      0.0500000      0.2000000     -0.0446846      0.0792009
     -0.2548548     -0.1871858      0.0500000      0.2000000     -0.2209249      0.0726271
      0.0295224     -0.2633798      0.0500000      0.2000000      0.0550873     -0.0366779
      0.2143171     -0.1742580      0.0500000      0.2000000      0.1343664     -0.1189228
      0.2005535      0.1514971      0.0500000      0.2000000      0.1467137     -0.0555270
      0.0892346     -0.1357349      0.0500000      0.2000000      0.0739407     -0.0610393
     -0.0160913      0.2770457      0.0500000      0.2000000     -0.0652138      0.1343354
      0.0929565      0.2290208      0.0500000      0.2000000      0.0133826      0.0444985
      0.1057151     -0.0151529      0.0500000      0.2000000      0.1398740     -0.0179082
      0.1657513      0.2961873      0.0500000      0.2000000      0.1032060      0.0303084
     -0.0767837     -0.0717863      0.0500000      0.2000000     -0.0993535      0.0031900
      0.1105231      0.5263596      0.0500000      0.2000000      0.0278739      0.0667306
      0.0363705      0.2731921      0.0500000      0.2000000     -0.0731527      0.1555396
      0.1255773     -0.0990357      0.0500000      0.2000000      0.1922357     -0.0765608
     -0.1973286     -0.2398909      0.0500000      0.2000000     -0.1269901     -0.1058319
      0.1644369     -0.3165396      0.0500000      0.2000000      0.0523032     -0.1541706
      0.0781887      0.1382278      0.0500000      0.2000000     -0.0274052     -0.0319189
     -0.0404856     -0.0771373      0.0500000      0.2000000     -0.0174954      0.0994972
      0.0248067      0.0763795      0.0500000      0.2000000      0.0470408      0.0666463
     -0.0541812     -0.1252524      0.0500000      0.2000000      0.0043777      0.0088717
      0.1802604      0.1967348      0.0500000      0.2000000      0.1800847      0.1088431
     -0.0242442     -0.0453567      0.0500000      0.2000000      0.0631569     -0.0166150
     -0.0219126     -0.1088662      0.0500000      0.2000000      0.0056068     -0.0734133
     -0.0983376     -0.0036865      0.0500000      0.2000000     -0.0941076      0.0401383
      0.0961011      0.2576953      0.0500000      0.2000000      0.0706851     -0.0209560
      0.0372845      0.2408286      0.0500000      0.2000000      0.0388847      0.0866853
      0.0078178     -0.0396161      0.0500000      0.2000000      0.0287191     -0.1624147
     -0.1597743      0.1237469      0.0500000      0.2000000     -0.0955805      0.1468498
      0.1616586     -0.3646093      0.0500000      0.2000000      0.1232206     -0.1268689
     -0.0815982     -0.1949765      0.0500000      0.2000000     -0.1055222      0.0249705
      0.0427525      0.0521949      0.0500000      0.2000000     -0.0542189      0.0149004
      0.1464459      0.1001063      0.0500000      0.2000000      0.1507696      0.0316943
     -0.0178965      0.2513772      0.0500000      0.2000000     -0.0034680     -0.0438144
      0.0530498      0.3197874      0.0500000      0.2000000      0.0402196      0.1255824
      0.1579836      0.2658927      0.0500000      0.2000000      0.1301953     -0.0439946
      0.2370214     -0.1598752      0.0500000      0.2000000      0.2722613      0.0730118
      0.0973368      0.3572859      0.0500000      0.2000000      0.0302155      0.2088256
      0.0559120     -0.3515550      0.0500000      0.2000000      0.0564571     -0.0861747
      0.0939949     -0.0584021      0.0500000      0.2000000      0.0422887      0.0516582
      0.1219319     -0.0524129      0.0500000      0.2000000      0.0553814     -0.0476976
      0.2151669     -0.2328963      0.0500000      0.2000000      0.1693045     -0.1178558
     -0.0691596      0.1674247      0.0500000      0.2000000     -0.0746717     -0.0561369
      0.0340275     -0.0346944      0.0500000      0.2000000      0.0432483      0.0545475
     -0.1496681      0.0011480      0.0500000      0.2000000     -0.1701512      0.0151547
     -0.1940196      0.0917523      0.0500000      0.2000000     -0.2225728     -0.0626048
      0.0806552      0.3267374      0.0500000      0.2000000      0.1749288      0.0717115
      0.0387505      0.2954520      0.0500000      0.2000000      0.0713751      0.0884819
     -0.0822579     -0.2617441      0.0500000      0.2000000     -0.1012491     -0.0132620
      0.0304696      0.1781309      0.0500000      0.2000000      0.0548461     -0.0485553
      0.0518908      0.3416033      0.0500000      0.2000000      0.0758542     -0.0931813
     -0.0795143      0.2191715      0.0500000      0.2000000     -0.0748090     -0.0051252
      0.0888309     -0.0248297      0.0500000      0.2000000      0.0581514      0.0678774
      0.0770413     -0.0461131      0.0500000      0.2000000      0.1291801      0.0294259
     -0.0568867      0.1827257      0.0500000      0.2000000      0.0280618      0.1448636
     -0.0336430      0.0917942      0.0500000      0.2000000     -0.0044835     -0.0449782
      0.0459436     -0.1646777      0.0500000      0.2000000     -0.0632302     -0.0070161
      0.1265806     -0.3775544      0.0500000      0.2000000      0.0544386     -0.1396070
      0.0057345     -0.1302211      0.0500000      0.2000000      0.0272852      0.0067461
     -0.2053246     -0.2801988      0.0500000      0.2000000     -0.1387033      0.0252149
     -0.1804044      0.3166776      0.0500000      0.2000000     -0.1808811      0.0379376
      0.0188254      0.0646141      0.0500000      0.2000000      0.0115281     -0.0901545
     -0.1146228      0.2351898      0.0500000      0.2000000     -0.1165584      0.0765028
     -0.1617817      0.0369351      0.0500000      0.2000000     -0.1875382     -0.0259593
     -0.1137806     -0.2014685      0.0500000      0.2000000     -0.1110697     -0.1254535
      0.0685017     -0.0246854      0.0500000      0.2000000      0.1130732      0.0958086
      0.0552186     -0.1423963      0.0500000      0.2000000      0.0234607     -0.0194747
     -0.1400415      0.0249760      0.0500000      0.2000000     -0.1375596     -0.0476528
     -0.0111284      0.0073373      0.0500000      0.2000000      0.0161033      0.0816145
     -0.0380323     -0.0791415      0.0500000      0.2000000     -0.0566118      0.1759080
     -0.1118394      0.1808587      0.0500000      0.2000000     -0.0521462      0.0477761
      0.0704986     -0.4641080      0.0500000      0.2000000      0.0594193     -0.1017666
      0.2387326     -0.1780737      0.0500000      0.2000000      0.2058586      0.0855107
     -0.1182598     -0.3225973      0.0500000      0.2000000     -0.1196755     -0.1419197
     -0.0080938      0.1579759      0.0500000      0.2000000     -0.0365718     -0.0575729
     -0.1564864     -0.2599844      0.0500000      0.2000000     -0.0869518     -0.0797533
     -0.1139394     -0.1545452      0.0500000      0.2000000     -0.0509359     -0.0450768
     -0.1321761     -0.3675787      0.0500000      0.2000000     -0.1199647     -0.1269182
      0.0359090      0.0226242      0.0500000      0.2000000     -0.0534549      0.0900214
      0.0884030      0.2587934      0.0500000      0.2000000     -0.0343898      0.0153849
     -0.3124118      0.1206301      0.0500000      0.2000000     -0.2740820      0.1291684
     -0.1267029     -0.3377248      0.0500000      0.2000000     -0.0702627     -0.0989537
      0.2405936     -0.5215041      0.0500000      0.2000000      0.2230593     -0.1578814
      0.0337960      0.1758227      0.0500000      0.2000000      0.0936676     -0.0315800
     -0.1174758      0.4207931      0.0500000      0.2000000     -0.0810337     -0.0731144
      0.1053039     -0.2346177      0.0500000      0.2000000      0.1435878      0.0749288
     -0.1173173     -0.0497053      0.0500000      0.2000000     -0.1430473      0.0552812
      0.0954583     -0.3426788      0.0500000      0.2000000      0.0164727     -0.0990076
     -0.0468955     -0.3493008      0.0500000      0.2000000     -0.0616303     -0.1483704
     -0.0134757      0.5182080      0.0500000      0.2000000     -0.0106260      0.1248501
      0.0991329     -0.0439425      0.0500000      0.2000000      0.0934360     -0.0798446
      0.2253724      0.2874537      0.0500000      0.2000000      0.2104760      0.0336118
      0.0006650     -0.3443847      0.0500000      0.2000000     -0.0348118     -0.1500662
     -0.0253145      0.3853343      0.0500000      0.2000000     -0.0144894      0.0160182
     -0.1678842     -0.2312365      0.0500000      0.2000000     -0.1895465     -0.1369021
      0.1444597     -0.0968804      0.0500000      0.2000000      0.1628522     -0.0041447
      0.2248663      0.0531321      0.0500000      0.2000000      0.1851736     -0.0664724
      0.2075821      0.1140262      0.0500000      0.2000000      0.1401177     -0.1577439
     -0.1272918      0.1006717      0.0500000      0.2000000     -0.1240721      0.1282577
      0.2692753      0.0110368      0.0500000      0.2000000      0.1781622     -0.0144512
     -0.1953700     -0.0074763      0.0500000      0.2000000     -0.1481458      0.1123077
      0.0306148     -0.1290707      0.0500000      0.2000000      0.0414770     -0.1237695
     -0.0778180      0.1007672      0.0500000      0.2000000     -0.0762811     -0.0257980
     -0.1060953      0.0187032      0.0500000      0.2000000     -0.0351109     -0.1558105
      0.0319280     -0.2410926      0.0500000      0.2000000      0.1204571     -0.2300799
     -0.0479763     -0.0854089      0.0500000      0.2000000      0.0070792      0.0564663
     -0.0164000     -0.1038843      0.0500000      0.2000000     -0.0115813     -0.1068717
      0.0447265      0.2688813      0.0500000      0.2000000      0.0471893      0.0893919
      0.0315117     -0.2073079      0.0500000      0.2000000      0.0557819      0.0260386
      0.0061109     -0.1127486      0.0500000      0.2000000     -0.0227663     -0.0503988
     -0.0549825     -0.2721567      0.0500000      0.2000000     -0.0576497      0.0890745
     -0.0063672     -0.2258538      0.0500000      0.2000000     -0.0118282     -0.1586129
     -0.0266190     -0.0552187      0.0500000      0.2000000     -0.0466994      0.1095829
      0.1178805      0.1726151      0.0500000      0.2000000      0.0349030     -0.0680717
     -0.1812642     -0.2222507      0.0500000      0.2000000     -0.1447663     -0.0673203
      0.0552058     -0.0148043      0.0500000      0.2000000      0.0575867     -0.0111700
     -0.0327529     -0.0261342      0.0500000      0.2000000      0.0319106     -0.0627756
     -0.1805574      0.0142303      0.0500000      0.2000000     -0.1335247     -0.0678660
     -0.1197160      0.0239193      0.0500000      0.2000000     -0.0976352      0.0989398
     -0.0336728     -0.1557030      0.0500000      0.2000000     -0.0271241     -0.1928225
     -0.0376128      0.1129383      0.0500000      0.2000000      0.0710963     -0.0842278
      0.0433265     -0.1334456      0.0500000      0.2000000      0.0141466     -0.1005121
      0.1473707      0.0868225      0.0500000      0.2000000      0.1622137      0.2025315
     -0.0021366      0.3851214      0.0500000      0.2000000      0.0473769      0.0575684
      0.0421906     -0.0493786      0.0500000      0.2000000      0.0558421      0.1094364
     -0.0193808     -0.1323399      0.0500000      0.2000000      0.0020795     -0.0771417
      0.2239980      0.2477426      0.0500000      0.2000000      0.1524711      0.0076407
     -0.0520909      0.1368929      0.0500000      0.2000000     -0.0313677     -0.0000971
      0.2250624      0.4740853      0.0500000      0.2000000      0.2653899      0.0406225
     -0.0649874     -0.1298757      0.0500000      0.2000000     -0.1173885     -0.1390200
     -0.0274163      0.0528478      0.0500000      0.2000000     -0.0603746      0.0670476
     -0.0745568     -0.0651980      0.0500000      0.2000000     -0.0874045     -0.0156010
     -0.1248072     -0.3205202      0.0500000      0.2000000     -0.1342935     -0.1665062
     -0.1994770      0.2566623      0.0500000      0.2000000     -0.1566955      0.1058090
     -0.0054043      0.2040661      0.0500000      0.2000000     -0.0507345     -0.0643390
      0.0901177      0.0381985      0.0500000      0.2000000      0.0686722     -0.0325870
      0.2003785     -0.3273309      0.0500000      0.2000000      0.1394151      0.0659820
     -0.0107215     -0.0095113      0.0500000      0.2000000      0.0109944     -0.0378188
     -0.0760060      0.1015019      0.0500000      0.2000000     -0.0826180     -0.0010895
     -0.1731935     -0.3195738      0.0500000      0.2000000     -0.0919689      0.0209174
     -0.0524221     -0.0581488      0.0500000      0.2000000     -0.0581626     -0.0940536
     -0.0750638     -0.2111649      0.0500000      0.2000000     -0.0137789      0.0951693
      0.0869324     -0.0902568      0.0500000      0.2000000      0.0066633      0.0360125
     -0.0251068     -0.1694347      0.0500000      0.2000000     -0.0631440      0.1361156
      0.1379770     -0.3097332      0.0500000      0.2000000      0.1374077      0.0104832
     -0.0183683      0.0081828      0.0500000      0.2000000      0.0411010     -0.2433300
     -0.0156742      0.0331590      0.0500000      0.2000000     -0.0184666     -0.0329932
      0.0317316     -0.4159679      0.0500000      0.2000000      0.0033716      0.1105114
     -0.0322859     -0.1609097      0.0500000      0.2000000     -0.0596337     -0.0701716
     -0.1950050      0.1712632      0.0500000      0.2000000     -0.1298473     -0.0168211
      0.0223446      0.0381641      0.0500000      0.2000000     -0.0121906     -0.1761618
     -0.1496073      0.2879902      0.0500000      0.2000000     -0.1459863      0.0982242
     -0.0015666     -0.1432681      0.0500000      0.2000000     -0.0124534     -0.1712484
      0.0583727      0.1361490      0.0500000      0.2000000      0.0676535      0.0537334
      0.0688837     -0.2371623      0.0500000      0.2000000      0.0376115      0.1367238
     -0.1325641     -0.1440715      0.0500000      0.2000000     -0.0879005      0.0756205
      0.0705754      0.2698424      0.0500000      0.2000000      0.0670494      0.0317804
     -0.0653330     -0.0872032      0.0500000      0.2000000      0.0055370     -0.1071425
      0.0835986      0.2059277      0.0500000      0.2000000      0.0443148     -0.0383430
     -0.0556245     -0.1295484      0.0500000      0.2000000     -0.0767376     -0.0093568
      0.1037249     -0.0169215      0.0500000      0.2000000      0.0144233      0.1773349
      0.1269172      0.1670073      0.0500000      0.2000000      0.0322717      0.0683973
      0.0001330     -0.1110238      0.0500000      0.2000000      0.0349801     -0.1530725
     -0.0802199     -0.0791283      0.0500000      0.2000000     -0.0466683     -0.1291983
     -0.1840117      0.1816999      0.0500000      0.2000000     -0.1741780      0.0291214
      0.0874551     -0.0545866      0.0500000      0.2000000      0.0091187      0.0235823
      0.0604052      0.1061366      0.0500000      0.2000000      0.0313761      0.0735561
     -0.0250612      0.1265264      0.0500000      0.2000000     -0.0401357     -0.0270323
      0.1129522      0.1300683      0.0500000      0.2000000      0.1104253      0.0681550
      0.0719527     -0.0699661      0.0500000      0.2000000      0.0295481     -0.0107019
      0.1026988      0.4143630      0.0500000      0.2000000      0.1391064      0.0941426
      0.1568577     -0.2782918      0.0500000      0.2000000      0.1879173      0.0265254
     -0.1235036     -0.3371349      0.0500000      0.2000000     -0.1111508      0.0590453
     -0.0439947      0.1299155      0.0500000      0.2000000      0.0394480      0.1198449
     -0.0919782     -0.0277111      0.0500000      0.2000000     -0.0803894     -0.1195974
      0.0249915     -0.1435221      0.0500000      0.2000000      0.1029556      0.0245615
     -0.1842247     -0.0459041      0.0500000      0.2000000     -0.1133052      0.1200748
     -0.2059848     -0.1582594      0.0500000      0.2000000     -0.0200403      0.1043716
      0.0455885     -0.0113597      0.0500000      0.2000000      0.1098599     -0.0421134
      0.1259772     -0.3031169      0.0500000      0.2000000      0.0894316     -0.0734076
     -0.0106652     -0.1991129      0.0500000      0.2000000     -0.0128907     -0.1263580
      0.1120506     -0.0227330      0.0500000      0.2000000      0.0429260      0.0522186
      0.0360004     -0.0812874      0.0500000      0.2000000      0.0144602      0.0320618
     -0.0016935     -0.1092936      0.0500000      0.2000000     -0.0451628     -0.1407007
      0.0967349      0.1164005      0.0500000      0.2000000     -0.0064880      0.0205454
      0.0813450      0.0755692      0.0500000      0.2000000      0.1239844     -0.0500740
      0.0860059     -0.1151058      0.0500000      0.2000000      0.1173078     -0.0260839
      0.0829245     -0.0394926      0.0500000      0.2000000      0.0220690     -0.2070993
      0.0480174      0.4148156      0.0500000      0.2000000      0.0313481      0.0200605
     -0.0964575      0.0374695      0.0500000      0.2000000     -0.1048666     -0.0050718
     -0.0780167      0.1090287      0.0500000      0.2000000     -0.0342312      0.0505208
     -0.0041701      0.3614976      0.0500000      0.2000000      0.0092573      0.0096593
     -0.0991446     -0.3229582      0.0500000      0.2000000     -0.0911585      0.0196880
      0.0376967      0.0670391      0.0500000      0.2000000      0.0171020     -0.0175086
      0.0503070     -0.0798152      0.0500000      0.2000000     -0.0162588     -0.0286900
     -0.0140435     -0.1033658      0.0500000      0.2000000     -0.0229404     -0.0836987
     -0.0393217      0.0716802      0.0500000      0.2000000     -0.0318540     -0.0944036
     -0.1275175      0.0155744      0.0500000      0.2000000     -0.1504470      0.1795262
      0.0041817     -0.2025139      0.0500000      0.2000000     -0.0418863     -0.0343358
      0.1660236     -0.0076895      0.0500000      0.2000000      0.1744568      0.1028544
     -0.0604273     -0.0804328      0.0500000      0.2000000     -0.0126909     -0.0427808
     -0.1071002     -0.0771271      0.0500000      0.2000000     -0.1438147     -0.1809141
     -0.1865421     -0.0415019      0.0500000      0.2000000     -0.1321789      0.0483371
     -0.0948248     -0.1214704      0.0500000      0.2000000     -0.1270781      0.0757770
     -0.0620688     -0.3610245      0.0500000      0.2000000     -0.1017725     -0.0702239
      0.0139363     -0.1693790      0.0500000      0.2000000      0.0787660     -0.0730868
     -0.0892402     -0.2427604      0.0500000      0.2000000     -0.1039474     -0.1295838
     -0.0162370      0.1640323      0.0500000      0.2000000     -0.0624601      0.0355413
      0.0522570      0.2175712      0.0500000      0.2000000      0.0256473      0.0869878
     -0.0230139      0.1002516      0.0500000      0.2000000     -0.0396407     -0.0311684
     -0.0487571     -0.0458328      0.0500000      0.2000000     -0.1126833      0.1078151
      0.0179000     -0.3304355      0.0500000      0.2000000     -0.1004290     -0.0427567
     -0.0828298     -0.1310093      0.0500000      0.2000000     -0.1363003     -0.0633069
      0.0105794     -0.4109744      0.0500000      0.2000000     -0.0208222     -0.0468100
      0.2240448     -0.1752170      0.0500000      0.2000000      0.2160189      0.0167470
      0.0185140      0.1385967      0.0500000      0.2000000      0.0066011     -0.0698244
      0.0305584     -0.0242481      0.0500000      0.2000000      0.0273980      0.0136622
      0.0246523     -0.1203829      0.0500000      0.2000000      0.0688370     -0.0840500
     -0.0882426     -0.0171309      0.0500000      0.2000000     -0.0965885      0.1704030
      0.0440834      0.3788374      0.0500000      0.2000000     -0.0109734      0.1478493
     -0.3044750     -0.1427603      0.0500000      0.2000000     -0.2168206      0.0757365
     -0.0235660     -0.1634654      0.0500000      0.2000000      0.0490756     -0.0201043
      0.0650860     -0.0851252      0.0500000      0.2000000      0.0653068     -0.0549454
     -0.1601589      0.1144699      0.0500000      0.2000000     -0.1546940      0.2055022
      0.0859116     -0.2793078      0.0500000      0.2000000      0.1174807     -0.0672082
     -0.1603176      0.0899768      0.0500000      0.2000000     -0.0237316     -0.0245058
     -0.1395932     -0.1977376      0.0500000      0.2000000     -0.1295290     -0.0957839
      0.0214455     -0.1005873      0.0500000      0.2000000      0.0634625      0.0202298
     -0.0880242      0.0146474      0.0500000      0.2000000     -0.0513743     -0.1196241
      0.2081387      0.4771978      0.0500000      0.2000000      0.1220865      0.0971774
     -0.1413114      0.2766399      0.0500000      0.2000000     -0.0428218      0.0113528
     -0.0798993     -0.1118964      0.0500000      0.2000000     -0.0888741     -0.1564063
     -0.0476468      0.2062287      0.0500000      0.2000000     -0.0700622      0.0900125
      0.0557206     -0.0503418      0.0500000      0.2000000     -0.0209499      0.0910084
      0.0865385     -0.0665642      0.0500000      0.2000000      0.0294220      0.0297719
     -0.0488971      0.1236770      0.0500000      0.2000000     -0.0595987      0.0825777
      0.1716387      0.1772320      0.0500000      0.2000000      0.1186676      0.1468633
     -0.1063632      0.1104985      0.0500000      0.2000000     -0.0628943     -0.0376481
     -0.0039706      0.2670862      0.0500000      0.2000000     -0.0670116      0.0777667
     -0.0931313     -0.2188013      0.0500000      0.2000000     -0.0990479     -0.1484137
     -0.0449920     -0.0351949      0.0500000      0.2000000      0.0097972     -0.0818681
     -0.0589372      0.0705174      0.0500000      0.2000000     -0.0730998      0.1309565
      0.0549428     -0.2098147      0.0500000      0.2000000      0.0620147     -0.0663065
     -0.0340185      0.4595714      0.0500000      0.2000000     -0.0450413      0.0911878
      0.0052355      0.2105416      0.0500000      0.2000000      0.0502077      0.0854413
      0.0649519     -0.2153973      0.0500000      0.2000000     -0.0247892      0.0069951
     -0.1194504     -0.0594001      0.0500000      0.2000000     -0.1307485      0.0124146
      0.1168801     -0.2388843      0.0500000      0.2000000      0.0248382      0.0952156
     -0.0938317      0.1973354      0.0500000      0.2000000     -0.0365807      0.1117198
      0.1447217      0.1577399      0.0500000      0.2000000      0.0832495      0.1140308
     -0.0588569      0.1212430      0.0500000      0.2000000     -0.0139747     -0.1573902
     -0.1913274     -0.2163342      0.0500000      0.2000000     -0.0970422     -0.0620392
      0.0099316     -0.0390479      0.0500000      0.2000000      0.0495199      0.0881420
     -0.0969004      0.0590290      0.0500000      0.2000000     -0.0745229     -0.0003631
     -0.1438179      0.0289040      0.0500000      0.2000000     -0.0975552     -0.1336485
      0.0289324      0.1826589      0.0500000      0.2000000      0.0788804     -0.0447107
      0.0569234     -0.2617977      0.0500000      0.2000000      0.0860015     -0.1389182
      0.1870543     -0.2019345      0.0500000      0.2000000      0.1622315     -0.0768596
      0.0621482     -0.1842498      0.0500000      0.2000000      0.1099640     -0.1569861
     -0.0456298      0.1259594      0.0500000      0.2000000     -0.0988341      0.0544083
      0.1588051     -0.1256247      0.0500000      0.2000000      0.1026508      0.0476969
     -0.0355559     -0.0986963      0.0500000      0.2000000      0.0210683     -0.0142129
      0.1303242      0.0830846      0.0500000      0.2000000      0.2042819      0.0049268
     -0.0076051     -0.1262069      0.0500000      0.2000000     -0.0336948     -0.1080856
     -0.0705567     -0.1228009      0.0500000      0.2000000     -0.0716719      0.0659005
     -0.1622686      0.3391504      0.0500000      0.2000000     -0.1234926      0.1329329
      0.0220965     -0.0085341      0.0500000      0.2000000     -0.0476176     -0.1000593
     -0.1865593     -0.2923132      0.0500000      0.2000000     -0.1695359     -0.1524213
      0.0395184     -0.0484002      0.0500000      0.2000000      0.0422901     -0.0185021
      0.1377719     -0.0370228      0.0500000      0.2000000      0.0709597      0.0007873
      0.0427478     -0.2497998      0.0500000      0.2000000      0.0316800      0.0357535
      0.0294657      0.1351448      0.0500000      0.2000000     -0.0854429      0.0934971
     -0.1086366      0.3542445      0.0500000      0.2000000     -0.1136005      0.1491979
     -0.0592426     -0.0574200      0.0500000      0.2000000      0.0014308      0.0080608
     -0.0662956      0.0703982      0.0500000      0.2000000     -0.0483606      0.0792020
      0.0975450     -0.0279644      0.0500000      0.2000000      0.0681477     -0.0290375
      0.0470736      0.0175397      0.0500000      0.2000000      0.0402768      0.0253156
      0.1234677      0.1513823      0.0500000      0.2000000      0.1344299      0.0969479
      0.1182673      0.3104905      0.0500000      0.2000000      0.0660953      0.2262600
      0.0545892     -0.0317832      0.0500000      0.2000000     -0.0128782     -0.1752897
      0.0703392     -0.1539968      0.0500000      0.2000000      0.0797616      0.0578146
      0.1414246     -0.0159325      0.0500000      0.2000000      0.0803147      0.0138648
      0.1395038      0.3295781      0.0500000      0.2000000      0.1626918      0.0895693
      0.0746161     -0.1678523      0.0500000      0.2000000     -0.0022591     -0.1599296
     -0.0928090     -0.0148416      0.0500000      0.2000000     -0.0612508     -0.0196068
     -0.1344201     -0.0543483      0.0500000      0.2000000     -0.1435402     -0.0284094
     -0.0983177      0.1759411      0.0500000      0.2000000     -0.1120412     -0.1007351
     -0.0060454      0.3523480      0.0500000      0.2000000      0.0675999      0.0197145
     -0.1541058     -0.1779461      0.0500000      0.2000000     -0.1098630     -0.1892554
      0.0424357     -0.0217862      0.0500000      0.2000000      0.0889590      0.0029130
     -0.0387992     -0.0390411      0.0500000      0.2000000     -0.0103579      0.0660474
      0.0117680      0.3866553      0.0500000      0.2000000      0.0143659      0.0448090
      0.0493822     -0.2473955      0.0500000      0.2000000     -0.0322376      0.0119015
      0.1049920     -0.1609845      0.0500000      0.2000000      0.1843304     -0.0397691
     -0.0212221      0.0513242      0.0500000      0.2000000      0.0117650      0.0521260
      0.0931778     -0.0463997      0.0500000      0.2000000      0.0702642     -0.0969353
     -0.0815941      0.3670509      0.0500000      0.2000000     -0.0530219     -0.0406609
     -0.1329006      0.2264356      0.0500000      0.2000000     -0.1867461      0.0449888
      0.1624968     -0.0395998      0.0500000      0.2000000      0.1193993     -0.0041394
     -0.0064438      0.1355410      0.0500000      0.2000000     -0.0166532      0.1087489
     -0.1347151     -0.1987347      0.0500000      0.2000000     -0.1041039     -0.0290396
     -0.1198943     -0.3005736      0.0500000      0.2000000     -0.0225828     -0.0147016
     -0.0161160     -0.0648907      0.0500000      0.2000000      0.0283417      0.0482200
      0.1382625      0.0002574      0.0500000      0.2000000      0.0894089     -0.0068532
     -0.0001971     -0.1106699      0.0500000      0.2000000      0.0390164     -0.0074405
      0.1538563      0.0681278      0.0500000      0.2000000      0.1451366     -0.0262923
      0.0710041      0.0591449      0.0500000      0.2000000      0.0756497     -0.0461956
     -0.1959770     -0.5136890      0.0500000      0.2000000     -0.1572369      0.0762133
     -0.1220995      0.0826295      0.0500000      0.2000000     -0.1428763      0.1768427
     -0.1604313      0.2441641      0.0500000      0.2000000     -0.1326300      0.0403008
     -0.0246006     -0.0456868      0.0500000      0.2000000     -0.0084579     -0.1021310
      0.1354326      0.2262087      0.0500000      0.2000000      0.0494749      0.0575479
     -0.0144765     -0.2443297      0.0500000      0.2000000     -0.0240465     -0.1236347
     -0.1349891     -0.0945048      0.0500000      0.2000000     -0.1599794      0.1541776
     -0.0346046     -0.0431641      0.0500000      0.2000000     -0.0032335     -0.0061106
      0.0703537      0.2595596      0.0500000      0.2000000      0.0297247      0.1152538
      0.0148775     -0.1047910      0.0500000      0.2000000      0.0179994     -0.0162676
      0.0393720     -0.3245745      0.0500000      0.2000000      0.0389094      0.0236907
     -0.1053614      0.1202760      0.0500000      0.2000000     -0.1755978      0.1562371
      0.0257640     -0.1726819      0.0500000      0.2000000      0.0318813      0.0468579
      0.0359621     -0.3220553      0.0500000      0.2000000      0.0516987     -0.1441282
      0.0813974      0.3618910      0.0500000      0.2000000      0.0679545      0.0595764
      0.0750523     -0.1035479      0.0500000      0.2000000      0.0181270     -0.1417654
      0.0851186     -0.1380637      0.0500000      0.2000000      0.0604349      0.0321363
     -0.0748580      0.0471715      0.0500000      0.2000000     -0.1549670     -0.0701940
     -0.0677515      0.3430550      0.0500000      0.2000000     -0.0723011      0.0982513
      0.2413417     -0.2881922      0.0500000      0.2000000      0.2452777      0.0838520
      0.0749992     -0.0604643      0.0500000      0.2000000      0.1177585      0.0309210
      0.0109476      0.1365488      0.0500000      0.2000000      0.0390875      0.0722408
      0.1199643      0.4183691      0.0500000      0.2000000      0.1370062      0.1859793
     -0.1521715     -0.3509521      0.0500000      0.2000000     -0.1669667     -0.1532542
     -0.0200635     -0.0917191      0.0500000      0.2000000     -0.0895803     -0.0186023
     -0.0408868      0.2211612      0.0500000      0.2000000      0.0126833      0.0265368
      0.0868053      0.1406353      0.0500000      0.2000000      0.0471194      0.0420198
      0.1183367      0.0349232      0.0500000      0.2000000      0.0783859      0.0674334
      0.0565930     -0.0696781      0.0500000      0.2000000      0.0188353      0.1399503
     -0.0700360     -0.0168435      0.0500000      0.2000000     -0.0077335      0.0030300
     -0.0907290     -0.1050749      0.0500000      0.2000000     -0.0632014      0.0344401
     -0.1818801     -0.1990845      0.0500000      0.2000000     -0.1921501      0.1151584
     -0.0115031     -0.3420531      0.0500000      0.2000000      0.0353914     -0.1356500
     -0.0814482     -0.2553396      0.0500000      0.2000000     -0.0410258     -0.1040584
     -0.1510009      0.2642979      0.0500000      0.2000000     -0.0627160      0.0829043
      0.0033760      0.3054149      0.0500000      0.2000000      0.0040578     -0.0294775
      0.1422515     -0.3162292      0.0500000      0.2000000      0.0496181     -0.0177207
      0.0123137     -0.0112206      0.0500000      0.2000000     -0.0729775     -0.0859333
      0.1159242      0.3036582      0.0500000      0.2000000      0.1366312      0.1455930
     -0.0927570     -0.2362746      0.0500000      0.2000000     -0.1639209      0.0078359
      0.1628837     -0.3927603      0.0500000      0.2000000      0.1749332     -0.1952203
     -0.0338232      0.0927800      0.0500000      0.2000000     -0.0322387     -0.0605986
      0.1427996      0.0903539      0.0500000      0.2000000      0.1485253     -0.1371997
     -0.2465644     -0.2295315      0.0500000      0.2000000     -0.1809981     -0.0289336
     -0.0332032      0.1799966      0.0500000      0.2000000     -0.0352270      0.0652637
     -0.1247236      0.2043218      0.0500000      0.2000000     -0.1062033      0.0639252
      0.1298078     -0.0531934      0.0500000      0.2000000      0.0822753     -0.0142621
      0.0749860      0.1942046      0.0500000      0.2000000      0.0725792     -0.1214150
     -0.0426498      0.1415394      0.0500000      0.2000000     -0.0803905      0.1042605
      0.0011072     -0.2265680      0.0500000      0.2000000     -0.0692284      0.0597409
      0.0177897      0.1237259      0.0500000      0.2000000      0.0205701      0.1001551
      0.1794617      0.1118495      0.0500000      0.2000000      0.1263762     -0.2359723
      0.0375744     -0.0312882      0.0500000      0.2000000     -0.0080466     -0.0414739
     -0.0520057     -0.0276013      0.0500000      0.2000000     -0.0010512      0.0289816
     -0.0715699      0.0110536      0.0500000      0.2000000      0.0267090      0.1175650
     -0.0076975     -0.0657640      0.0500000      0.2000000      0.0222113     -0.0480727
      0.1534198      0.0799691      0.0500000      0.2000000      0.1382754      0.0682978
     -0.1185089      0.1409639      0.0500000      0.2000000     -0.0921683      0.0101864
     -0.0041802      0.0894221      0.0500000      0.2000000     -0.0690431      0.0601618
      0.0685781      0.3257138      0.0500000      0.2000000      0.0144334      0.1060252
      0.1560396     -0.1665179      0.0500000      0.2000000      0.1039163     -0.0560141
      0.1497086      0.6259774      0.0500000      0.2000000      0.1284888      0.0560673
     -0.0249765      0.4367789      0.0500000      0.2000000     -0.0341765      0.1366426
     -0.0219935      0.2653625      0.0500000      0.2000000     -0.0104328      0.0341122
     -0.1296418     -0.4133261      0.0500000      0.2000000     -0.0797059     -0.1128310
      0.3626724      0.3392869      0.0500000      0.2000000      0.2475643      0.0841275
      0.1223044     -0.1168390      0.0500000      0.2000000      0.1295289      0.1445007
     -0.1218516     -0.2360997      0.0500000      0.2000000     -0.0147548     -0.1480551
     -0.0320840      0.1120827      0.0500000      0.2000000     -0.0623135      0.0349533
     -0.0336598      0.0589002      0.0500000      0.2000000      0.0181020      0.1039573
      0.0446947      0.0597625      0.0500000      0.2000000      0.0630468      0.1674747
     -0.0244251      0.3886407      0.0500000      0.2000000      0.0548888      0.1466684
      0.1557701      0.0250745      0.0500000      0.2000000      0.1773344     -0.0478160
     -0.0027682      0.2683017      0.0500000      0.2000000      0.0205828      0.1174162
     -0.2139480      0.1927165      0.0500000      0.2000000     -0.2663808      0.1197510
      0.0277603     -0.3941138      0.0500000      0.2000000      0.0686683     -0.0298728
     -0.1738975     -0.0594304      0.0500000      0.2000000     -0.1449892      0.0040584
      0.1764929      0.2680779      0.0500000      0.2000000      0.1709347      0.0492745
      0.0150799     -0.0018151      0.0500000      0.2000000     -0.0055963     -0.0233987
     -0.0672833     -0.0503769      0.0500000      0.2000000     -0.0150117      0.0357422
     -0.0872166      0.1342687      0.0500000      0.2000000     -0.0328941     -0.0520778
     -0.1174584     -0.1173844      0.0500000      0.2000000     -0.0587564     -0.0302052
     -0.1172173      0.0484168      0.0500000      0.2000000     -0.1116478      0.0657264
     -0.0529539     -0.6248703      0.0500000      0.2000000     -0.0440795     -0.0148232
      0.0432913      0.0132836      0.0500000      0.2000000      0.0491864     -0.0321616
      0.0264636      0.2162839      0.0500000      0.2000000     -0.0097888     -0.0144402
     -0.0003319     -0.1099833      0.0500000      0.2000000      0.0212614     -0.0393224
      0.0116018      0.2748225      0.0500000      0.2000000      0.1185709     -0.0716274
      0.1917656      0.0309721      0.0500000      0.2000000      0.1269723      0.0574719
      0.2046073      0.0548548      0.0500000      0.2000000      0.2567827     -0.0506052
     -0.1448388     -0.2038552      0.0500000      0.2000000     -0.0693880     -0.0243761
     -0.0958595     -0.2222038      0.0500000      0.2000000     -0.1122374     -0.2003276
     -0.0121214      0.2001212      0.0500000      0.2000000     -0.0459177      0.0574265
      0.1702438      0.0345611      0.0500000      0.2000000      0.1604953      0.1182210
     -0.1128137      0.0782497      0.0500000      0.2000000     -0.1248514      0.0064780
     -0.0428916      0.1070176      0.0500000      0.2000000     -0.0874496      0.1162608
     -0.0351638     -0.2621223      0.0500000      0.2000000     -0.0993044      0.0790291
      0.0342867      0.1505981      0.0500000      0.2000000      0.0541831      0.0763555
      0.0220883      0.0925529      0.0500000      0.2000000      0.0031309     -0.0362793
     -0.1946132      0.0880648      0.0500000      0.2000000     -0.2638378      0.0018716
     -0.1604615     -0.2549093      0.0500000      0.2000000     -0.0626627     -0.1185034
     -0.0175565     -0.0895292      0.0500000      0.2000000     -0.0440525     -0.0878975
     -0.1164286     -0.0063288      0.0500000      0.2000000     -0.0228486      0.1564251
      0.0742411     -0.0366471      0.0500000      0.2000000      0.1027636     -0.0952995
