      0.0870341     -0.1291653      0.0094720      0.0529727      0.0964863     -0.1802434
     -0.1706123     -0.0685547      0.0088445      0.0705604     -0.1617733     -0.0546884
     -0.0344431      0.0206039      0.0076279      0.0617686     -0.0344198      0.0685280
      0.2144089      0.1132927      0.0355293      0.4339399      0.1837651     -0.1066947
     -0.0221107      0.1136877      0.0087030      0.0938562     -0.0111158      0.1511940
     -0.1030231     -0.0198443      0.0155367      0.0882167     -0.0986616     -0.0677220
     -0.1966850     -0.3611139      0.2136993      1.0000000     -0.0812686     -0.0926739
     -0.0565239     -0.0402019      0.0145215      0.1034877     -0.0646684      0.0051554
     -0.0456153     -0.0153482      0.0005009      0.0051896     -0.0462278     -0.0241986
      0.3129044      0.1565106      0.6085558      1.0000000     -0.1241645     -0.0706496
     -0.0334758      0.0646520      0.0137347      0.1104933     -0.0238992      0.1294952
     -0.0772044     -0.0452065      0.0002933      0.0035928     -0.0772273     -0.0494256
      0.1788808      0.4777038      0.0672354      0.6188063      0.0287931     -0.1839546
     -0.0635405      0.2079183      0.0216224      0.2850267     -0.0677480      0.0234858
      0.2771249     -0.9523938      0.2403688      1.0000000      0.1218333     -0.1193297
      0.1366905     -0.0322333      0.0060784      0.0623876      0.1336268     -0.0540631
     -0.0997709     -0.1827657      0.0095775      0.0492046     -0.0961639     -0.1581587
     -0.0284517     -0.0031891      0.0065028      0.0705916     -0.0313675     -0.0147482
     -0.0534803      0.1974928      0.0435556      0.4292290     -0.0637111     -0.0976065
     -0.0281074     -0.0073986      0.0199870      0.1776457     -0.0123333     -0.0521312
     -0.0157109     -0.0239956      0.0000256      0.0002449     -0.0156956     -0.0239807
      0.1285172     -0.0426143      0.0008303      0.0065512      0.1280097     -0.0345436
      0.0694231     -0.4297765      0.2795028      1.0000000      0.0606453     -0.0425544
      0.1216811      0.2356106      0.0425160      0.4901782      0.0866088      0.0910716
     -0.0547271     -0.0929184      0.0010327      0.0082308     -0.0540295     -0.0981491
     -0.0099725     -0.1793948      0.0100697      0.1032357      0.0027435     -0.1617816
      0.4004157      0.9141404      0.3001468      1.0000000      0.2431963      0.0955187
     -0.0989771      0.0048478      0.0009832      0.0116165     -0.0969312     -0.0041429
     -0.0640703     -0.2047941      0.0083647      0.0765611     -0.0723081     -0.1722336
     -0.1106515     -0.0983321      0.0176729      0.1501329     -0.1001263      0.0163521
      0.0657960      0.1316367      0.0000649      0.0005550      0.0658734      0.1312233
      0.1821675     -0.1572849      0.0156394      0.1916797      0.2059098     -0.0263833
      0.0810585     -0.1912116      0.0010363      0.0142614      0.0813560     -0.2094336
     -0.1512907      0.6940063      0.1641919      1.0000000     -0.0056355     -0.1021224
     -0.0227829      0.3003520      0.0135228      0.1497331     -0.0084960      0.0681084
     -0.0160100     -0.1957541      0.0287484      0.3461674     -0.0431479      0.0043093
     -0.0996354      0.1149349      0.0000512      0.0006560     -0.0995584      0.1147633
     -0.0523654     -0.0005420      0.0018994      0.0212951     -0.0477321      0.0290739
     -0.0513237      0.1773581      0.0094909      0.0836420     -0.0436253      0.1475938
     -0.1368216     -0.0445531      0.0001036      0.0009998     -0.1368109     -0.0465552
      0.1808859      0.4086261      0.1418217      1.0000000      0.0596565     -0.1118024
     -0.0074129      0.2220173      0.0120404      0.1321889      0.0132498      0.0965931
      0.0080885      0.1317291      0.0086594      0.0962377      0.0119697      0.0856026
      0.2280861      0.1319298      0.0001263      0.0008636      0.2280879      0.1332738
      0.0338345      0.0541254      0.0080853      0.0561029      0.0281040      0.0392286
      0.0193574     -0.2215180      0.0001845      0.0017061      0.0193892     -0.2225355
      0.1086554      0.0444430      0.0496012      0.5590197      0.0896002      0.1919431
     -0.0901448     -0.0953222      0.0155702      0.1678646     -0.0992951     -0.0445895
      0.0230513     -0.2224790      0.0191869      0.2312434      0.0457182     -0.0431166
      0.0240611      0.1541648      0.0197438      0.1754854      0.0186496      0.1442579
     -0.0531206      0.0546807      0.0009134      0.0115444     -0.0514893      0.0610026
      0.0151917     -0.0952628      0.0007268      0.0076988      0.0150693     -0.0784685
      0.1248146      0.3643456      0.0675858      0.4485055      0.0326236      0.0641933
      0.0577660      0.1483476      0.0006350      0.0046122      0.0573443      0.1566190
     -0.2572131     -0.6277748      0.4391131      1.0000000      0.1479758     -0.0472503
     -0.2703153      0.0923830      0.0221166      0.2943498     -0.2200501      0.2584025
      0.0143456      0.2645923      0.0124784      0.1276482      0.0423519      0.0780432
      0.0816784      0.0547684      0.0219508      0.2536760      0.0809098      0.0436033
     -0.0549063     -0.0476448      0.0293089      0.2585056     -0.0505018      0.1018855
      0.1151673      0.0328726      0.0078063      0.0973634      0.1087943      0.1094664
     -0.0094620      0.1982211      0.1223812      1.0000000     -0.0076671      0.1051210
     -0.1315258     -0.4272413      0.0245573      0.2565454     -0.1076492     -0.0788186
      0.1945447      0.0054957      0.0013202      0.0119563      0.1954524      0.0186001
     -0.0695257      0.0436375      0.0098323      0.0484368     -0.0673315      0.0718008
      0.0777797     -0.0521205      0.0009377      0.0112623      0.0787069     -0.0690367
     -0.1352598      0.0394461      0.0004546      0.0048321     -0.1357869      0.0470336
     -0.0491738     -0.1922223      0.0131993      0.1584806     -0.0489793     -0.1723557
     -0.0438260      0.0999642      0.0008516      0.0086387     -0.0455968      0.1120378
      0.0846799      0.2258575      0.0125480      0.1605368      0.0628200     -0.0175740
     -0.1098480     -0.0701353      0.0124679      0.1670694     -0.1104781     -0.0806203
      0.2524997      0.2152133      0.0003079      0.0039122      0.2526072      0.2175963
      0.0931382      0.3781462      0.0466385      0.5381624      0.0225664     -0.1403734
      0.0188367      0.1238561      0.0223827      0.1630329      0.0231916      0.1279246
      0.1598685     -0.0315741      0.0275695      0.2052523      0.1509360     -0.0218014
     -0.1107061      0.0572607      0.6007730      1.0000000     -0.0789188     -0.0291333
     -0.0596948      0.1006530      0.0231547      0.2126536     -0.0871215     -0.0390860
      0.0007799      0.4670390      0.0170529      0.1741383      0.0066655      0.0985784
     -0.0589218      0.0547290      0.0070779      0.0909764     -0.0544141      0.0461809
     -0.0941569      0.2938555      0.0162479      0.1447404     -0.0929435      0.2674960
      0.0393338      0.1379183      0.0018160      0.0229440      0.0376020      0.1152568
     -0.1168358     -0.3595946      0.0211727      0.2143669     -0.1089802     -0.1804033
      0.0070153      0.2598060      0.0162701      0.1907910      0.0070570     -0.0601247
     -0.0627051     -0.1710314      0.0104468      0.1075856     -0.0592384     -0.0880692
     -0.0802366     -0.1558910      0.0143638      0.1216561     -0.0813543     -0.1503476
      0.0924065      0.0862749      0.0086968      0.0778036      0.1011072      0.0875624
     -0.0918222      0.0213293      0.0137523      0.1842964     -0.0752749     -0.1160119
      0.2222037     -0.9305181      0.3584599      1.0000000      0.0117850      0.0658935
      0.0185411      0.1020508      0.0107306      0.0865436      0.0200728      0.0970755
      0.0273932     -0.1370480      0.0006734      0.0087113      0.0278324     -0.1183966
     -0.0883753      0.1242790      0.0011185      0.0111772     -0.0893847      0.1225317
     -0.0584116      0.0223894      0.0011427      0.0117418     -0.0577716      0.0040392
     -0.0564110      0.1382359      0.0252856      0.1715411     -0.0301423      0.1325646
     -0.0582042     -0.0771483      0.0263257      0.1152372     -0.0687570     -0.0483007
     -0.0923353     -0.2412736      0.0213232      0.2383123     -0.1154685     -0.0012789
      0.0341151      0.1878272      0.0084439      0.0971160      0.0286179      0.1604822
     -0.0922835      0.1961387      0.0149870      0.1633135     -0.0938443      0.2241175
     -0.0495505      0.1451453      0.0000873      0.0012752     -0.0495481      0.1426556
     -0.0085691     -0.3010868      0.0158826      0.1610990     -0.0046309     -0.1989681
      0.2258169     -0.7046779      0.3210305      1.0000000      0.1802506     -0.0214140
      0.0520394      0.0491921      0.0000538      0.0003860      0.0520527      0.0494315
      0.0799292      0.1210592      0.0188451      0.1592426      0.1113059      0.0693924
     -0.4922492     -0.1017307      0.4066013      1.0000000     -0.0029305     -0.0416250
      0.0800942      0.1195867      0.0000375      0.0002993      0.0801453      0.1196567
     -0.1515191     -0.0555968      0.0060068      0.0554377     -0.1502027     -0.0991621
      0.1177073     -0.9088545      0.1714524      1.0000000      0.0081479     -0.0434808
      0.0227750     -0.1795569      0.0016298      0.0139905      0.0212117     -0.1579434
      0.2861216     -0.3821438      0.0633604      0.4169101      0.2973281      0.0357225
      0.1774178     -0.1218691      0.0020417      0.0095834      0.1758596     -0.1297608
     -0.0220126      0.2569236      0.0229953      0.2458867     -0.0781910      0.0161724
     -0.1037361     -0.1889664      0.0008297      0.0105094     -0.1030476     -0.1698382
     -0.0621067     -0.0446260      0.0008474      0.0111498     -0.0623337     -0.0509237
     -0.0665656     -0.1413743      0.0066324      0.0766010     -0.0696571     -0.1102674
     -0.2028307     -0.1429932      0.0168343      0.1932354     -0.2093931     -0.0790279
     -0.0108667      0.1097788      0.0324437      0.2346300     -0.0112104      0.0217737
     -0.1252466     -0.0466525      0.0008326      0.0093031     -0.1243300     -0.0547118
     -0.1098306     -0.0529114      0.0144253      0.1042168     -0.1057528     -0.0491475
      0.3338778     -0.6226943      0.2323523      1.0000000      0.0530651      0.2211064
     -0.0079188     -0.0674749      0.0114475      0.0645530     -0.0076495     -0.0209013
     -0.3042033     -0.6473016      0.4738325      1.0000000     -0.0716003      0.0358848
     -0.1886954     -0.0037247      0.0093350      0.1002599     -0.1747963      0.0513753
     -0.0384492     -0.5856280      0.1994917      1.0000000      0.0878670     -0.0069797
     -0.0723643      0.0343094      0.0240385      0.2945000     -0.1196724     -0.0815538
     -0.1708482      0.0852176      0.0184302      0.1712520     -0.1779479      0.1493987
      0.0062799      0.0097682      0.0000596      0.0005508      0.0062431      0.0090746
      0.0609354     -0.0043461      0.0000742      0.0007194      0.0607858     -0.0048063
      0.2938630      0.0005304      0.0013989      0.0128891      0.2932298     -0.0048863
      0.0528014     -0.1672420      0.2484938      1.0000000     -0.1000209     -0.0437439
     -0.0596351      0.3843465      0.3846272      1.0000000     -0.0443084     -0.0493346
     -0.1137847     -0.1382147      0.0065207      0.0586548     -0.1104784     -0.1655915
      0.2884805     -0.7316772      0.4408245      1.0000000     -0.0537110     -0.0613146
      0.1250869      0.0466368      0.0051647      0.0432521      0.1254530      0.0511334
     -0.1170058     -0.0986534      0.0162762      0.2216960     -0.1168748      0.0846205
      0.0914117     -0.0778275      0.0007547      0.0096497      0.0927447     -0.0984919
     -0.0425771      0.2391245      0.3634992      1.0000000      0.1837221     -0.1437927
     -0.1971803      0.4083197      0.0175210      0.1650409     -0.1873461      0.1916242
     -0.5101745      0.6430431      0.3021228      1.0000000     -0.0305652      0.1182927
     -0.1080268      0.1427890      0.0253612      0.3166181     -0.1055094     -0.0869896
     -0.0361082      0.2719006      0.0141481      0.1363177     -0.0567579      0.1864055
      0.0349824     -0.2533650      0.0054891      0.0727187      0.0278225     -0.1809024
      0.0269336     -0.0261116      0.0005721      0.0052247      0.0260687     -0.0224967
      0.0045043     -0.0687604      0.0003698      0.0039097      0.0042430     -0.0625116
      0.0004728     -0.0432042      0.0025825      0.0279662      0.0005502      0.0223587
     -0.2285145     -0.4048243      0.3042976      1.0000000      0.0092471      0.1783792
      0.0236342      0.3057892      0.0246681      0.3223762      0.0569151     -0.1072448
      0.0092798     -0.1691530      0.0117663      0.1223601     -0.0089954     -0.1841547
      0.2853945     -0.0930021      0.3824389      1.0000000     -0.0339965      0.0418880
     -0.0552563     -0.1056706      0.0100262      0.0839291     -0.0647430     -0.0176821
     -0.2019285     -0.0458398      0.0002149      0.0024634     -0.2022253     -0.0462527
      0.1992886      0.1890394      0.0000585      0.0005676      0.1992138      0.1882270
      0.1493052      0.1335588      0.0145364      0.1821708      0.1528476      0.0113713
     -0.0472185      0.1313095      0.0014454      0.0102175     -0.0461368      0.1419154
      0.0462077     -0.1044014      0.0116625      0.1204429      0.0347408     -0.1172109
      0.1314319     -0.1303242      0.0010832      0.0120341      0.1302984     -0.1185257
      0.2175522      0.2484308      0.0123859      0.1072209      0.2253985      0.2072583
     -0.0872142      0.1735997      0.0002236      0.0018329     -0.0871152      0.1744663
     -0.0313821     -0.0323868      0.0003873      0.0036829     -0.0312489     -0.0346925
     -0.0873170     -0.0833410      0.0068055      0.0634398     -0.0845036     -0.1079638
      0.0854962      0.2043466      0.0190074      0.2423188      0.0843282      0.1338889
      0.0806404     -0.0796816      0.0010709      0.0129460      0.0815340     -0.0615728
     -0.0330643      0.0841044      0.0010904      0.0122418     -0.0328562      0.0971432
      0.0496778     -0.2450320      0.0239230      0.1812452      0.0692331     -0.0665953
      0.0784554      0.0805851      0.0007925      0.0099866      0.0777900      0.0994551
      0.0924012     -0.2079761      0.0064188      0.0551910      0.1042840     -0.1640001
      0.0607950     -0.5442504      0.0375711      0.4351158      0.0928352     -0.0579220
      0.0255133      0.0306851      0.0105107      0.0698146      0.0461172     -0.0217936
      0.3872003     -0.6121427      0.1849882      1.0000000      0.1067748      0.1775057
     -0.2017055      0.0697341      0.2931733      1.0000000     -0.1085592      0.0585443
      0.0855452      0.0577010      0.0006281      0.0038453      0.0851385      0.0510221
      0.0636306     -0.1197610      0.0007791      0.0084038      0.0651637     -0.1293384
      0.2135805     -0.0341304      0.0203371      0.2221166      0.2083286     -0.1216959
     -0.0429131      0.1094609      0.0185902      0.1529857     -0.0571159      0.0220088
     -0.0952768      0.4255632      0.0167082      0.1917726     -0.1100960      0.1424764
     -0.0522600      0.5872647      0.3760407      1.0000000      0.0277506      0.1654292
     -0.2128270      0.1850451      0.0234722      0.2922930     -0.2464919      0.0340565
     -0.1373517     -0.1272192      0.0173190      0.1502547     -0.1155230      0.0064334
      0.1894789      0.5071540      0.2585195      1.0000000     -0.0304287      0.1296157
      0.0500266      0.0215198      0.0099380      0.1088235      0.0421390      0.0842394
      0.4092299      0.1213442      0.3037632      1.0000000      0.0323655     -0.0224536
     -0.1684550      0.0826129      0.0002211      0.0020890     -0.1682685      0.0818620
     -0.0310572      0.1747575      0.2288449      1.0000000     -0.2183294     -0.0506052
      0.0302066     -0.0867342      0.0147859      0.1264711      0.0559504     -0.0254228
      0.3148307     -0.3659559      0.3562584      1.0000000     -0.2046544     -0.0570382
      0.0899806     -0.2411147      0.0313542      0.3461043      0.0622584     -0.0367598
     -0.0320754      0.2960079      0.0181719      0.1692435     -0.0206403      0.0850204
      0.1809431      0.6346694      0.2576387      1.0000000     -0.0666248     -0.0247189
     -0.1150141      0.3926015      0.3882248      1.0000000     -0.0870084     -0.0790976
     -0.0524735     -0.0119741      0.0085936      0.1050698     -0.0551623     -0.0535434
     -0.0394441     -0.1925570      0.0184381      0.1463882     -0.0230676     -0.0551567
      0.1937275     -0.0362717      0.0436482      0.5366189      0.1387721      0.1773810
      0.0369843      0.0283064      0.0008480      0.0076322      0.0372794      0.0234625
     -0.3361490     -0.1920363      0.3210016      1.0000000      0.0699300     -0.0542352
      0.0417015      0.2201242      0.0080229      0.0826038      0.0443611      0.0979002
      0.1275733      0.1035783      0.0017221      0.0186649      0.1273711      0.1368023
     -0.1220134     -0.3010997      0.0319670      0.2523687     -0.1419552      0.0061383
      0.1147075      0.0801319      0.0003140      0.0028647      0.1149532      0.0783184
      0.3177630     -0.3377772      0.3310516      1.0000000      0.0318742      0.0853778
      0.0605530     -0.0297654      0.0010588      0.0120743      0.0606497     -0.0271768
      0.0830508     -0.0633368      0.0005370      0.0058938      0.0824934     -0.0566439
      0.0659505      0.2198782      0.0227426      0.2315637      0.0314100     -0.0416528
     -0.1451271     -0.0105636      0.0001648      0.0011648     -0.1452405     -0.0115500
     -0.2402572      0.0619065      0.0000199      0.0002486     -0.2402803      0.0620957
     -0.0480881     -0.0087761      0.0002625      0.0019663     -0.0484663     -0.0110570
     -0.1412373     -0.0516870      0.0264830      0.1890026     -0.1189818      0.0310576
     -0.1406767     -0.1987992      0.0091767      0.0874512     -0.1393763      0.0376218
     -0.3004487      0.0321875      0.0007946      0.0069310     -0.2995914      0.0321444
     -0.1045942      0.2017764      0.0068608      0.0605373     -0.1099119      0.1957859
      0.3720904      0.6148431      0.3470511      1.0000000      0.1059757      0.0813318
      0.0386010     -0.0756935      0.0011760      0.0112431      0.0416929     -0.0673976
     -0.0124649      0.0727853      0.0010347      0.0157474     -0.0153885      0.0590743
     -0.0212219      0.1005657      0.0016116      0.0180812     -0.0211363      0.1099555
      0.1240649     -0.0088883      0.0111844      0.1475140      0.1209715     -0.0121819
     -0.0383965     -0.0319662      0.0009728      0.0097308     -0.0390395     -0.0327849
     -0.6573001      0.1603429      0.4008005      1.0000000     -0.1329908      0.0175888
      0.0015289      0.0600797      0.0051202      0.0581701      0.0086352      0.0508078
      0.1120090     -0.6836901      0.0342443      0.4221092      0.0941634      0.0077816
     -0.1016890      0.8137549      0.0214833      0.3095111     -0.1040512      0.2759978
     -0.0830440      0.0299020      0.0001376      0.0010475     -0.0829397      0.0297937
     -0.0466205      0.0318961      0.0009552      0.0086389     -0.0451877      0.0210086
      0.2765691      0.1375882      0.0089351      0.1178850      0.2662958      0.1122905
      0.0096785     -0.0538649      0.0069041      0.0901244      0.0178442     -0.0187473
     -0.6320957      0.8087457      0.6258070      1.0000000     -0.1162794      0.0811059
      0.1442935     -0.1334195      0.0002635      0.0019433      0.1439350     -0.1330243
      0.0001619      0.7623482      0.0263769      0.4066965     -0.0169903      0.0583168
      0.0275486     -0.5900264      0.1444540      1.0000000      0.0617394     -0.0183348
     -0.9388279      0.1384032      0.2761784      1.0000000      0.0192194      0.0714088
      0.0226244     -0.1002401      0.0242930      0.2770039      0.0543892     -0.0021208
      0.0823272      0.4385831      0.0606244      0.4286082     -0.0518167     -0.0113138
      0.4522245      0.0954627      0.4649171      1.0000000      0.0496882     -0.1546893
     -0.0677950     -0.0988366      0.0079121      0.0292690     -0.0792924     -0.0976847
     -0.1162962      0.8871949      0.3836085      1.0000000     -0.0613462      0.0278121
      0.4175727      0.2113582      0.3356914      1.0000000     -0.0209722      0.1038950
      0.1183722      0.3289583      0.0289623      0.2518862      0.1480402      0.0611913
     -0.0882256     -0.0548277      0.0005258      0.0030920     -0.0891069     -0.0557600
     -0.0515885     -0.1008908      0.0002971      0.0028056     -0.0517065     -0.1008256
      0.0340955      0.0535536      0.0124434      0.1120652      0.0062367     -0.0378183
      0.1934442     -0.6908134      0.2836256      1.0000000     -0.0059967      0.1119443
      0.1019065     -0.0774510      0.0002230      0.0018758      0.1019005     -0.0769056
     -0.0053160     -0.1516577      0.0229276      0.1227883     -0.0150569      0.0254170
      0.1469012      0.0316665      0.0002081      0.0023421      0.1467038      0.0274441
     -0.1417525     -0.8100062      0.0562841      0.7410920     -0.0754699      0.0094826
      0.2441730      0.0556594      0.0016146      0.0131254      0.2424989      0.0541972
     -0.0254994      0.1856338      0.2700373      1.0000000     -0.1271070     -0.1302673
     -0.0701844      0.0711580      0.0084091      0.0596634     -0.0656901      0.0656038
     -0.0631670      0.1282983      0.0111367      0.1057002     -0.0580270      0.1471264
     -0.0974358     -0.0536080      0.0003376      0.0034421     -0.0971019     -0.0578218
     -0.0041263      0.0078848      0.0004679      0.0025520     -0.0038269      0.0093834
      0.0130155     -0.3049988      0.0013717      0.0150260      0.0118901     -0.2829342
      0.0042480     -0.0352871      0.1794571      1.0000000     -0.0547272     -0.1608824
     -0.0861029     -0.1299406      0.0005854      0.0056835     -0.0854145     -0.1324516
      0.0735136     -0.2425051      0.0193702      0.1280817      0.0909893      0.0257152
     -0.0749852     -0.1152408      0.0005430      0.0052797     -0.0760138     -0.1084839
      0.0899939      0.0315418      0.0155975      0.2279018      0.1072609      0.0708204
      0.1439546      0.0552963      0.0137771      0.1139559      0.1596685     -0.0790559
      0.1867878      0.1204355      0.0240649      0.2102167      0.1462305      0.0792275
     -0.2309138      0.3564330      0.2896868      1.0000000      0.1637240      0.2567997
     -0.1470434      0.3400397      0.0334800      0.3233234     -0.1122706      0.1016513
     -0.2191060     -0.4696435      0.4015187      1.0000000     -0.2330515      0.0333589
      0.0840169     -0.1861683      0.0250756      0.2142633      0.0561667      0.0238861
     -0.0682296     -0.1570482      0.1056822      1.0000000      0.0424326     -0.0098302
      0.0695666      0.1675205      0.0093477      0.0331346      0.0707523      0.1699275
     -0.2926452      0.2623868      0.0007210      0.0087401     -0.2922084      0.2605469
      0.0749053     -0.0906265      0.0077389      0.0760806      0.0640174      0.0082494
      0.3792841     -0.5599990      0.3213395      1.0000000     -0.0632745     -0.1015107
     -0.0200598      0.5350382      0.0412877      0.5271868     -0.0674047     -0.1271032
     -0.0492503      0.2539248      0.0122106      0.1802324     -0.0538323      0.0776166
     -0.1562384      0.1717289      0.0011919      0.0105392     -0.1563175      0.1552455
     -0.0428733     -0.0692549      0.0206581      0.2188605     -0.0385253     -0.1178503
     -0.0025456     -0.1201941      0.0079081      0.0901947     -0.0088700     -0.0299704
      0.5772292     -0.1322826      0.3116582      1.0000000     -0.0065784     -0.0225931
      0.6506583     -0.1906880      0.2828242      1.0000000      0.1241879     -0.0206826
      0.1468872     -0.2078013      0.0129340      0.1807233      0.1406818     -0.0304683
     -0.0160808     -0.0277651      0.0009481      0.0101559     -0.0171488     -0.0204686
      0.0472143     -0.0370502      0.0252357      0.2111704      0.0492301     -0.0007091
      0.0097163      0.2062440      0.0071557      0.0572852      0.0152407      0.1045597
      0.0329284     -0.2999283      0.0233082      0.2430152      0.0672453     -0.0366927
      0.0696202      0.0093446      0.0061900      0.0683163      0.0515164      0.0664457
     -0.0525701      0.0566784      0.0008642      0.0067954     -0.0530579      0.0574560
      0.5682120      0.2892691      0.2217895      1.0000000     -0.0949489     -0.1262666
     -0.0353024     -0.3437079      0.0294457      0.3189801     -0.0445536     -0.1014814
     -0.1246173      0.0411807      0.0178157      0.2252233     -0.1369634     -0.0267033
      0.1212890      0.1236248      0.0000461      0.0005558      0.1213526      0.1244177
     -0.3597350      0.8907689      0.3771600      1.0000000     -0.0599687     -0.0653093
     -0.0524386      0.2270872      0.0344924      0.4118666     -0.0543780      0.0407340
     -0.1569222     -0.9276653      0.2495028      1.0000000      0.0470872     -0.0256394
      0.0807585     -0.0106352      0.0004574      0.0044739      0.0815926     -0.0136349
      0.1029578     -0.1911553      0.0004811      0.0047482      0.1030314     -0.1935674
      0.1058998      0.1987390      0.0186652      0.2492772      0.1059757      0.0644959
     -0.1518167      0.6567637      0.3550771      1.0000000      0.0609840      0.0121037
     -0.1001582      0.0085017      0.0002284      0.0021498     -0.1002805      0.0095219
     -0.0495637      0.3473005      0.0574336      0.4829298     -0.0203943     -0.0535926
     -0.5090964      0.0033566      0.2092043      1.0000000     -0.0352894      0.1720831
      0.2051585      0.1419444      0.0009088      0.0119447      0.2053883      0.1202234
      0.0995138     -0.2070664      0.0163236      0.1306843      0.0868211     -0.0479307
     -0.1523124      0.0573721      0.0012228      0.0107515     -0.1533954      0.0628229
      0.0333082     -0.0232945      0.0006845      0.0076353      0.0329811     -0.0325018
      0.0243007     -0.0619229      0.0451776      0.4772871      0.0922136     -0.0747638
     -0.1803609     -0.6144031      0.3936662      1.0000000      0.1468533      0.0569681
      0.0780920     -0.0499483      0.0016251      0.0172686      0.0759611     -0.0581756
      0.1506160     -0.1547144      0.0013613      0.0076299      0.1509404     -0.1515371
      0.0037939      0.0672680      0.0020932      0.0156467      0.0069840      0.0867865
     -0.0736801     -0.0347369      0.0006189      0.0035295     -0.0737094     -0.0346198
      0.0329652      0.0103431      0.0061586      0.0647013      0.0392971     -0.0218698
      0.0500706      0.0306212      0.0072746      0.0810493      0.0527179     -0.1902600
     -0.0183953     -0.0354565      0.0134338      0.1888215     -0.0042418     -0.0419623
      0.0242109      0.0584906      0.0173551      0.1556525     -0.0121306      0.1592062
     -0.1333761     -0.0111130      0.0147878      0.1666488     -0.1264105     -0.0090256
      0.0585385      0.3617876      0.0389062      0.4267074      0.1191466     -0.2446278
     -0.0624387     -0.6509594      0.3029002      1.0000000      0.0190704      0.0938279
     -0.1026357     -0.0736715      0.0020926      0.0186718     -0.0982976     -0.0669394
      0.1767012     -0.1844257      0.0279112      0.1719222      0.1525945     -0.1026541
      0.1226955      0.1215964      0.0107967      0.0984841      0.1085385      0.0904376
     -0.2507228     -0.0407468      0.0052706      0.0523588     -0.2533966      0.0081467
     -0.2343590     -0.5794338      0.3064204      1.0000000     -0.0299753     -0.1812449
     -0.1434431     -0.1451903      0.0010463      0.0107248     -0.1435362     -0.1461924
      0.1099696     -0.1669332      0.0001990      0.0019292      0.1100083     -0.1667221
      0.1933035      0.4171665      0.0651504      0.6821996      0.0925474     -0.0529918
      0.0432249      0.2666517      0.0126555      0.0955583      0.0428794      0.1808718
     -0.0332123      0.0215774      0.0087495      0.0836674     -0.0310672      0.0070246
     -0.2170547      0.9489127      0.2864336      1.0000000      0.0059123      0.2128799
     -0.0841112      0.2332397      0.0172772      0.0948643     -0.0988633      0.1444972
     -0.1112842     -0.3039738      0.2753153      1.0000000     -0.0460576      0.0429723
      0.0204619     -0.0679790      0.0308700      0.2882133      0.0001357     -0.0798380
     -0.1587150     -0.0046321      0.0076018      0.0878998     -0.1671138      0.0700513
     -0.0794974      0.2543792      0.0235516      0.2019401     -0.1023412      0.1125668
     -0.1088712      0.3205328      0.0406888      0.4007405     -0.0858771      0.0914529
     -0.0087829     -0.0441902      0.0003742      0.0044903     -0.0090520     -0.0490397
      0.0958409      0.4584251      0.0375024      0.4009800      0.0867870     -0.1213341
     -0.1251884      0.0481354      0.0006507      0.0025265     -0.1240253      0.0511539
      0.0162314      0.7520711      0.4084590      1.0000000      0.0561662     -0.1584079
      0.0108200      0.0106331      0.0130537      0.1439829     -0.0106743     -0.0493707
      0.0417643      0.1831985      0.0414784      0.3015426      0.0613934      0.0946747
      0.1327921     -0.0219112      0.0066678      0.0571751      0.1404074     -0.1131642
      0.4103212      0.0377962      0.3199985      1.0000000      0.1666063     -0.1032266
      0.0394779     -0.1709743      0.0181595      0.1359604      0.0557707     -0.0083499
      0.0337518     -0.0433839      0.0061051      0.0757163      0.0304473     -0.0695557
     -0.1980315      0.8998219      0.2746237      1.0000000      0.0177312      0.1196223
     -0.0357439     -0.0390886      0.0024049      0.0249770     -0.0396870     -0.0546708
     -0.0511474     -0.2780505      0.0050953      0.0606064     -0.0579453     -0.1852956
     -0.3405810     -0.9648883      0.3799202      1.0000000     -0.0764567     -0.0717041
     -0.0873910     -0.0514683      0.0175457      0.2254092     -0.0693054      0.0219340
     -0.1902156      0.1979819      0.0165639      0.1954236     -0.1719498      0.1277101
     -0.0151189     -0.6152714      0.0332344      0.4224737     -0.0504526     -0.1151873
     -0.0366966      0.6201200      0.2886355      1.0000000      0.0382445      0.0513337
      0.1386283     -0.5142778      0.0216391      0.2376083      0.1454077     -0.1491044
      0.0745056      0.0624360      0.0014109      0.0123480      0.0742047      0.0590667
     -0.0830652     -0.0938444      0.0396902      0.4914430     -0.1225716      0.0570797
      0.1863980     -0.3028251      0.0178520      0.1347211      0.1515326     -0.1249440
      0.0063045     -0.0078262      0.0000326      0.0002792      0.0063071     -0.0080096
     -0.0029249      0.0128498      0.0152452      0.0894054     -0.0181955      0.0345203
     -0.0300088      0.0762332      0.0020042      0.0168241     -0.0280956      0.0551418
      0.1430017      0.0175583      0.0002142      0.0018798      0.1430034      0.0176628
      0.0042225      0.1256798      0.0317617      0.2068632      0.0366108      0.0552976
      0.1232682      0.0108635      0.0116260      0.1196009      0.1347832      0.0593580
      0.0634618     -0.1797227      0.0005608      0.0073285      0.0623212     -0.1872409
      0.0447454      0.2422073      0.0167825      0.1258520      0.0256883      0.0238641
     -0.1149284     -0.0752786      0.0010743      0.0072530     -0.1145206     -0.0754815
     -0.0628408     -0.0309888      0.0052453      0.0538846     -0.0660485     -0.0321954
     -0.5608275      0.1830640      0.4865600      1.0000000     -0.0803255     -0.2578619
     -0.0443600     -0.1704297      0.0172577      0.1918193     -0.0441004     -0.1316252
     -0.0056347     -0.1119926      0.0120697      0.1506523     -0.0250803      0.0362532
      0.2347894     -0.7046285      0.3943659      1.0000000     -0.0195718     -0.0080728
      0.4330475      0.3142191      0.2747831      1.0000000     -0.0209998      0.1505809
     -0.0248411     -0.2546391      0.3032508      1.0000000     -0.0159108     -0.0699152
     -0.0330173     -0.0343091      0.0074991      0.0487929     -0.0293374      0.0235933
      0.0100046      0.0125229      0.0007486      0.0098090      0.0100705      0.0061622
      0.1150747     -0.0181514      0.0012062      0.0134270      0.1148205     -0.0156715
     -0.5301761     -0.9887309      0.3608703      1.0000000     -0.0315146     -0.1784944
     -0.0629032      0.2025470      0.2654637      1.0000000      0.0105024     -0.0612049
     -0.1007281      0.2469278      0.0006561      0.0078222     -0.1009556      0.2490596
      0.0026968     -0.0920985      0.0166561      0.1738544     -0.0032667     -0.0493867
     -0.4677731      0.2081627      0.3999584      1.0000000     -0.0929096     -0.0474702
      0.0317705      0.1691935      0.0120250      0.1412680      0.0378670      0.0593494
     -0.1959221     -0.2463730      0.0382067      0.4129995     -0.1389262     -0.1751859
      0.0173480     -0.0063224      0.0000497      0.0003745      0.0173974     -0.0062077
     -0.0387846     -0.1021828      0.0000716      0.0005850     -0.0387924     -0.1019533
     -0.1251796     -0.1156100      0.0128932      0.0917536     -0.1290709     -0.0627658
     -0.0930798      0.0980431      0.0161397      0.1455789     -0.0869806      0.1613150
      0.0017655     -0.0796703      0.0094040      0.1039141      0.0051856     -0.0282906
     -0.0388246     -0.1097592      0.0250435      0.1986029     -0.0135039     -0.0800796
     -0.0999112      0.3369034      0.3192652      1.0000000     -0.1136473      0.0906429
      0.0682490      0.1335337      0.0262068      0.1751927      0.0736467      0.1903501
      0.0856330     -0.2392125      0.0084825      0.1098198      0.0888753      0.0024169
      0.1269153     -0.2060257      0.0224346      0.2521385      0.1087121      0.0779555
      0.0888142      0.0116834      0.0007209      0.0074295      0.0872200      0.0051149
     -0.1502043      0.2971475      0.0169554      0.1547821     -0.1588399      0.1273707
      0.0356577     -0.1918440      0.0206926      0.1861612      0.0385666     -0.1364013
     -0.4070516     -0.2919530      0.3541266      1.0000000     -0.0173827      0.0702733
     -0.1748257     -0.7905517      0.2968850      1.0000000      0.0115955      0.0210880
     -0.0265124     -0.0496274      0.0226058      0.2275994     -0.0449326      0.0792174
      0.0493539     -0.1860607      0.0006933      0.0098472      0.0494329     -0.1783441
     -0.0735433      0.2456133      0.0280940      0.2958193     -0.0756248     -0.1235864
     -0.0620323      0.1375591      0.0002845      0.0027613     -0.0620908      0.1360751
      0.1435482      0.1728818      0.0010831      0.0162353      0.1442126      0.1909875
      0.0071156     -0.1949439      0.0113608      0.0869462      0.0086305     -0.1350165
     -0.1218671      0.0716676      0.0277083      0.2880332     -0.1070049      0.0573964
      0.2993055     -0.2176012      0.4120989      1.0000000     -0.1557345      0.0170345
      0.1172806     -0.1039373      0.0007929      0.0094250      0.1181637     -0.0975516
      0.0634666     -0.0557830      0.0011976      0.0114592      0.0649666     -0.0757439
      0.0708419     -0.1081566      0.0017015      0.0223535      0.0694591     -0.0644317
     -0.0029627      0.0628832      0.0005768      0.0062491     -0.0032633      0.0761853
      0.0523621     -0.0533251      0.0008479      0.0064097      0.0527086     -0.0610605
     -0.0601173      0.0610367      0.0384579      0.4129723     -0.1221198     -0.1645636
     -0.0319713     -0.2668633      0.0012042      0.0133830     -0.0323117     -0.2628839
      0.1143158      0.0907693      0.0144320      0.1394348      0.1121090      0.0688343
      0.1508249      0.2106841      0.0336681      0.3322755      0.1406321      0.0244297
      0.0165427     -0.2241859      0.0911129      0.7414995     -0.1111312      0.0252892
      0.0368625      0.0374521      0.0062916      0.0615361      0.0381741      0.0303213
     -0.1293859      0.0064063      0.0001498      0.0013992     -0.1293201      0.0058689
     -0.1600534     -0.0206295      0.0002633      0.0026811     -0.1600981     -0.0183794
      0.0534595      0.2446062      0.0016362      0.0154985      0.0538966      0.2387073
     -0.1406214     -0.1027748      0.0013288      0.0125888     -0.1389971     -0.1121274
      0.0644753     -0.0674157      0.0168569      0.1845377      0.0358925     -0.0459740
      0.0116117     -0.0642169      0.0442893      0.5238417      0.0022326     -0.1729400
      0.1345355      0.6756463      0.0470610      0.6229548      0.1710804      0.0650257
      0.1596954      0.1507823      0.2086768      1.0000000     -0.0186094     -0.0267609
     -0.1310277      0.4972850      0.0291373      0.2827598     -0.0951827      0.0846145
      0.0296517      0.0663277      0.0019996      0.0162597      0.0321935      0.0553745
      0.0750470      0.0501551      0.0008646      0.0106550      0.0742700      0.0374427
     -0.0566984      0.2001738      0.0155526      0.1298852     -0.0260544     -0.0093191
     -0.0253337     -0.0135487      0.0007251      0.0072745     -0.0263147     -0.0065167
      0.0241852      0.0386802      0.0003991      0.0030460      0.0244012      0.0395207
      0.1818372      0.0299553      0.0005777      0.0041392      0.1816629      0.0280100
      0.0034086     -0.1087680      0.0231050      0.2115563     -0.0417531      0.1045623
     -0.3565603      0.4252355      0.4854751      1.0000000     -0.0911655     -0.0359229
     -0.0006218      0.0734492      0.0053486      0.0669057     -0.0021287     -0.0128116
      0.0410516      0.2668456      0.0002446      0.0027588      0.0403242      0.2707474
     -0.0731134     -0.0866107      0.0051421      0.0585014     -0.0701021      0.0034950
     -0.0556683      0.0121297      0.0003538      0.0035416     -0.0556904      0.0100192
      0.0463303     -0.0484487      0.0233163      0.2455596      0.0184743      0.1966299
      0.2595686     -0.1025711      0.0185828      0.2133273      0.2142460     -0.2376167
     -0.0574467     -0.0100991      0.0072568      0.0627373     -0.0594849     -0.0364660
     -0.3108237     -0.7892942      0.1846883      1.0000000     -0.1299765     -0.0696553
     -0.1392126     -0.0597379      0.0020019      0.0189581     -0.1433074     -0.0699570
     -0.0023111     -0.3849980      0.0294852      0.3163617      0.0146585      0.0103082
      0.0759591      0.7051295      0.2097082      1.0000000     -0.0500772      0.1423550
     -0.0507863     -0.2134423      0.0009281      0.0136452     -0.0498520     -0.2013429
      0.0605385      0.0374241      0.0003291      0.0030634      0.0602271      0.0319128
      0.3069666     -0.1585977      0.4667597      1.0000000     -0.0622222     -0.0110875
      0.0773559     -0.0115222      0.0010356      0.0071165      0.0775994     -0.0198066
      0.1232736      0.0355786      0.0010839      0.0072608      0.1227737      0.0421086
     -0.0809470      0.2168968      0.0003248      0.0024428     -0.0812650      0.2194540
      0.1411340      0.1541590      0.0003828      0.0046164      0.1418658      0.1547489
     -0.1330383     -0.0645126      0.0020960      0.0202082     -0.1337778     -0.0697004
      0.2081850     -0.0245154      0.0125817      0.1004487      0.2067316     -0.0758133
     -0.0329403     -0.0906099      0.0005423      0.0054242     -0.0329778     -0.1019269
     -0.0599534      0.2796521      0.0108266      0.1075400     -0.0514877      0.1966495
     -0.1247269     -0.1520799      0.0000887      0.0009318     -0.1247802     -0.1528389
     -0.0195562     -0.0120063      0.0087305      0.1222849     -0.0203162      0.1328114
      0.0372293      0.0143889      0.0010102      0.0122272      0.0367038      0.0147006
     -0.1358999     -0.2074868      0.0001173      0.0011034     -0.1359754     -0.2076680
     -0.0289079     -0.2275075      0.0112803      0.1128839     -0.0287194     -0.0146752
     -0.2021770     -0.1066740      0.2293784      1.0000000     -0.1799375      0.1602631
     -0.0349575      0.4184017      0.0202987      0.2051815     -0.0479754      0.2097048
      0.2367599     -0.9336848      0.3091717      1.0000000      0.0314716     -0.0052625
     -0.1021257     -0.2108540      0.0022983      0.0204293     -0.1006975     -0.1923342
     -0.1207361     -0.0377755      0.0006007      0.0072797     -0.1205127     -0.0495655
      0.0563495      0.0589212      0.0007064      0.0064134      0.0565033      0.0537074
      0.3946426      0.6456466      0.3437768      1.0000000     -0.0725947     -0.1769190
      0.0568622     -0.0613140      0.0016580      0.0170998      0.0594165     -0.0382237
      0.0065724      0.1701081      0.0002823      0.0027052      0.0069576      0.1703028
      0.0160518      0.0985443      0.0232679      0.2035074      0.0308684      0.0705057
      0.0453496      0.0117430      0.0001735      0.0014359      0.0453978      0.0128907
     -0.0320346     -0.3516737      0.0312897      0.3544230     -0.0436259     -0.0493576
      0.0357738      0.0506060      0.0109647      0.1345652      0.0248034      0.1032847
     -0.0082488     -0.0305614      0.0054783      0.0611543     -0.0080572     -0.0202412
     -0.1944537      0.0349980      0.0287717      0.2018099     -0.1449148      0.1415139
     -0.0139120     -0.1517688      0.0001265      0.0015738     -0.0137540     -0.1515125
     -0.1518332      0.6366414      0.2322881      1.0000000      0.0397766     -0.1387157
      0.3321486     -0.4061204      0.3304995      1.0000000     -0.0007658     -0.1248524
      0.0320302      0.4057280      0.0285217      0.2554322      0.0317980      0.2268063
      0.1009021     -0.0179499      0.0008139      0.0112319      0.1011017     -0.0216790
     -0.1716025      0.7444045      0.1897324      1.0000000     -0.1608936     -0.1193514
      0.0609399     -0.0951863      0.0210862      0.2017370      0.0270117     -0.2241550
     -0.0702179     -0.1246637      0.0018127      0.0247916     -0.0713243     -0.1088839
     -0.0872551     -0.0483067      0.0152638      0.0720312     -0.0641509     -0.1263909
      0.0046008      0.0470276      0.0012718      0.0096888      0.0060712      0.0428883
      0.1206153     -0.0224602      0.0009811      0.0072830      0.1207355     -0.0188851
      0.2593288      0.0060461      0.0010640      0.0102860      0.2593248     -0.0018148
      0.1915238      0.0911733      0.0097885      0.1067185      0.1995412      0.0126711
     -0.2388229      0.3785843      0.3828160      1.0000000     -0.0566801      0.1274760
      0.0047550      0.3129579      0.0229852      0.2555946      0.0315338      0.1588565
      0.0440316      0.0800973      0.0104277      0.0712247      0.0584972      0.1060023
      0.0532525     -0.0742142      0.0001282      0.0011865      0.0533782     -0.0763588
     -0.0318127      0.2858490      0.0274110      0.2763616     -0.0069787     -0.0869273
     -0.1957924     -0.7168750      0.2720385      1.0000000     -0.1531292     -0.1612128
      0.1283486     -0.1543820      0.1612872      0.8576625     -0.0098131      0.0839835
     -0.2364351      0.0145786      0.0212841      0.1660561     -0.2121259      0.0666835
      0.0531895      0.4389054      0.0286526      0.1857918      0.0233426      0.1692731
      0.0349344      0.1882629      0.0128050      0.1858126      0.0456769      0.0924620
      0.0010460     -0.1556323      0.0107092      0.1246076      0.0182932     -0.0143009
     -0.1483002      0.0223163      0.2145277      1.0000000     -0.0231518      0.0546603
     -0.2314582     -0.2021941      0.0012700      0.0153999     -0.2319893     -0.1966308
      0.1177525      0.7124423      0.2542457      1.0000000     -0.0364367      0.0387808
     -0.0053147      0.0489348      0.0207070      0.1968999     -0.0256527     -0.0858389
     -0.0151569     -0.0366592      0.0118993      0.1045473     -0.0119526      0.0201775
      0.4033222     -0.4534193      0.3527020      1.0000000      0.1475573     -0.1754975
      0.0796583      0.5206433      0.1474515      1.0000000     -0.0596260      0.1609360
     -0.0260843      0.1177114      0.0025612      0.0302195     -0.0247201      0.1596031
      0.4612537      0.7836598      0.5545706      1.0000000      0.0625858     -0.0449801
      0.0685829      0.0764136      0.0013843      0.0138221      0.0665629      0.0619383
      0.1172433      0.1457225      0.0084715      0.0750425      0.1232942      0.1351828
     -0.0510960      0.1090572      0.0012493      0.0156705     -0.0534773      0.0917408
     -0.0414982      0.2625873      0.0383299      0.4615437     -0.0863797      0.1300018
     -0.0519990     -0.0086458      0.0000690      0.0005026     -0.0519661     -0.0079914
     -0.0556487     -0.1652462      0.0278861      0.2208345     -0.0376413      0.1590311
     -0.0606877     -0.0000008      0.0007462      0.0079126     -0.0600979     -0.0000867
     -0.1379166     -0.4701000      0.0207961      0.2614378     -0.1491315     -0.0205360
      0.2910929      0.2901269      0.3325667      1.0000000      0.1427538     -0.1300587
      0.0817277     -0.2510378      0.0003852      0.0038622      0.0819459     -0.2448349
     -0.0563619     -0.0276819      0.0007056      0.0060968     -0.0564132     -0.0197404
     -0.0715814      0.1626652      0.0006125      0.0068852     -0.0711918      0.1641083
      0.0719148     -0.0149801      0.0071646      0.0672145      0.0747968     -0.0111809
      0.1226759     -0.0208348      0.0005808      0.0069466      0.1220721     -0.0199534
     -0.0322122      0.0601962      0.2353764      1.0000000     -0.0987833      0.0402730
     -0.0169297      0.1447507      0.0148251      0.1482482     -0.0158599      0.0442113
     -0.6626348     -0.6756989      0.4053272      1.0000000      0.0633929     -0.0737232
      0.0554306     -0.2058565      0.0107027      0.1036468      0.0453961      0.0030785
     -0.0128605      0.0223515      0.0097337      0.1064091     -0.0203998      0.0494774
     -0.0687183     -0.0614849      0.0010156      0.0090088     -0.0693901     -0.0524202
     -0.0220984      0.0716781      0.0442847      0.5189169     -0.0237047      0.0194440
      0.1218379      0.0154275      0.2116434      1.0000000     -0.1616518     -0.0631328
     -0.1020922      0.3300369      0.0213197      0.3039416     -0.0807386      0.0199318
      0.0174620     -0.0375922      0.0004093      0.0035331      0.0174306     -0.0410196
     -0.2940007     -0.2378537      0.1677053      1.0000000     -0.1596724     -0.0980992
     -0.0575626     -0.4697689      0.2596464      1.0000000     -0.0351459      0.0170399
     -0.0735486      0.0496181      0.0000824      0.0010022     -0.0736171      0.0506853
     -0.4025507     -0.6350958      0.4270145      1.0000000     -0.0154597      0.0525885
     -0.0052057     -0.6772795      0.0201526      0.2188880      0.0317163     -0.0887302
      0.0622776     -0.1256253      0.0164331      0.1243540      0.0653593     -0.0976138
      0.3761472      0.0987700      0.4500847      1.0000000      0.0826506      0.2230978
      0.1302010     -0.0521650      0.0108123      0.0753716      0.1189343      0.0325931
     -0.0174068      0.0113094      0.0008556      0.0083781     -0.0165813      0.0124094
      0.0562846     -0.0005920      0.0138477      0.1520836      0.0690599      0.1635494
      0.3188740      0.0564525      0.3158591      1.0000000      0.1815226     -0.1405842
      0.0033802      0.1974710      0.0012165      0.0134738      0.0047752      0.2014669
      0.1433601     -0.0545621      0.0005143      0.0056251      0.1434925     -0.0569378
     -0.0038465      0.2169888      0.0116008      0.1171204      0.0183843      0.0760417
     -0.0524853     -0.0325990      0.0073282      0.0573426     -0.0494071      0.0801599
      0.0692610     -0.1165707      0.0248794      0.2897848      0.1051702     -0.0741087
      0.1728206     -0.1020589      0.0109450      0.0959895      0.1686619     -0.0902343
     -0.0264201     -0.0684989      0.0004009      0.0051844     -0.0258070     -0.0671540
     -0.0332617      0.1377162      0.0109551      0.0975197     -0.0342606      0.1198992
     -0.1014370      0.0330080      0.0003086      0.0042615     -0.1017579      0.0282012
     -0.1918184     -0.2723964      0.4249992      1.0000000     -0.1996392      0.1220341
     -0.0669329     -0.1094906      0.0112516      0.1123119     -0.0654836     -0.1013735
      0.0033062      0.0451479      0.0000162      0.0001299      0.0033231      0.0451070
      0.0887117      0.0632948      0.0008333      0.0076707      0.0887046      0.0532488
     -0.2466872      0.0916101      0.0099504      0.0872196     -0.2448841     -0.0082800
      0.1901073      0.0337013      0.0008185      0.0085836      0.1903342      0.0264623
      0.0737953      0.1227382      0.2586827      1.0000000     -0.0350709     -0.1052524
     -0.1656290      0.0117309      0.4111504      1.0000000      0.0171765      0.1211380
     -0.0927461      0.0492108      0.0007753      0.0062383     -0.0928025      0.0547889
     -0.0662020     -0.2747763      0.0282373      0.3213940     -0.0556480     -0.0181704
      0.0066417      0.2813155      0.0322259      0.2636948     -0.0697931      0.0148076
     -0.0124376     -0.0719704      0.0008422      0.0082201     -0.0118561     -0.0679512
     -0.8677363      0.8257489      0.5069112      1.0000000      0.1991216      0.1524875
      0.1561121     -0.4640926      0.2839583      1.0000000      0.1495690      0.2046923
      0.0051019     -0.2146278      0.0335197      0.2330636     -0.0107902      0.0318627
     -0.1897375     -0.2251266      0.0252827      0.2073862     -0.1800012      0.0311076
     -0.0014203     -0.5144578      0.1153924      1.0000000     -0.0988266     -0.1072181
      0.0992761      0.0908930      0.0011152      0.0079803      0.1001619      0.0938860
      0.0194135      0.0451001      0.0074184      0.0822868      0.0244264      0.0605837
     -0.0608419     -0.1725938      0.0053840      0.0569158     -0.0573288     -0.0914646
      0.0766381      0.1299608      0.0109250      0.1121625      0.0636008      0.0178488
     -0.1454515      0.1261847      0.3793683      1.0000000      0.1638467     -0.0020452
     -0.3773944      0.2174462      0.3604448      1.0000000     -0.2087934     -0.0359501
     -0.2248933      0.4340581      0.2838285      1.0000000      0.1831056     -0.0514613
      0.0243172      0.0486685      0.0131507      0.1242020      0.0416669     -0.0239340
      0.2439527     -0.0956073      0.0147773      0.1593421      0.2450874      0.0549911
     -0.4501446     -0.1668152      0.3091410      1.0000000     -0.1132939     -0.2780979
      0.0028244      0.1059469      0.0079992      0.0670074      0.0045048      0.0260886
      0.0540082      0.1523077      0.0446773      0.4606599      0.0527228     -0.0407431
     -0.0436055     -0.0383929      0.0127772      0.1476642     -0.0536656      0.0165940
     -0.4772049      0.8991991      0.3839084      1.0000000     -0.1282983      0.0089747
      0.1232184     -0.0558440      0.0256318      0.2938941      0.0936342      0.0552278
     -0.2543809     -0.6255180      0.2519153      1.0000000      0.1040113     -0.0490216
     -0.0774962      0.0437677      0.0109545      0.1165076     -0.0781375      0.1093399
     -0.0749032     -0.0350051      0.0001624      0.0020929     -0.0749274     -0.0352533
     -0.0161018     -0.0637005      0.0001896      0.0012256     -0.0161460     -0.0641190
      0.0177466     -0.3297155      0.0140197      0.1095460      0.0230162     -0.1488947
     -0.1796388     -0.4655015      0.3210750      1.0000000      0.0803617     -0.0708775
      0.0064823     -0.1979398      0.0215158      0.2053631     -0.0175636      0.0847941
     -0.0951978      0.0120156      0.0003925      0.0034731     -0.0951167      0.0080503
      0.0805564      0.0068061      0.0107881      0.1138452      0.0674665     -0.0353043
     -0.0002009      0.1171666      0.0189600      0.2098605     -0.0058162     -0.0582694
      0.0313057      0.0008951      0.2111683      1.0000000      0.0635707     -0.0970141
      0.0360244     -0.7027723      0.2041175      1.0000000      0.0825517     -0.0516141
     -0.0346430     -0.0653502      0.0214147      0.2426829     -0.0157206      0.0888016
      0.0238109     -0.0644179      0.0175896      0.1959588      0.0323187     -0.0001315
     -0.1220633      0.0080881      0.0003236      0.0025424     -0.1223266      0.0094862
      0.1070326      0.0163568      0.0003335      0.0045029      0.1065017      0.0198914
     -0.0804418     -0.0468860      0.0381719      0.4151979     -0.0746202     -0.0647344
     -0.2226569      0.0055614      0.3010534      1.0000000      0.0019792     -0.1051703
      0.1312420     -0.1990369      0.0286111      0.1827887      0.1492740      0.0606178
      0.1296226      0.1820523      0.0053187      0.0359486      0.1312681      0.1016617
     -0.0771021      0.1016592      0.0006048      0.0064305     -0.0776044      0.0992445
      0.0521949     -0.1044537      0.0089634      0.0741348      0.0475703     -0.0073960
     -0.2498476     -0.3500078      0.3833071      1.0000000     -0.0738271      0.0431228
     -0.0729193      0.1177984      0.0008134      0.0083835     -0.0736053      0.1249958
     -0.0689735     -0.0105819      0.0170452      0.1839758     -0.0404571     -0.0883471
      0.2282354     -0.1722187      0.0535834      0.7308953      0.2040492     -0.0601492
     -0.1012085      0.1924641      0.0003743      0.0042612     -0.1015187      0.1940010
      0.0530124     -0.4376799      0.0321275      0.2966004      0.0631067     -0.1901535
      0.0455028      0.0873965      0.0000664      0.0007055      0.0455348      0.0870383
     -0.0222864     -0.0609449      0.0015559      0.0145679     -0.0204460     -0.0505771
      0.5776415     -0.9069741      0.4422364      1.0000000      0.0873508      0.0131068
     -0.3348086     -0.3779234      0.0329517      0.4496484     -0.2379048      0.0746395
      0.0522343     -0.2450763      0.0398219      0.2157126      0.0143878     -0.0224849
     -0.1632577      0.9993679      0.3045935      1.0000000      0.0262783     -0.1053404
     -0.0321898      0.1269517      0.0006843      0.0058419     -0.0329007      0.1242929
     -0.5691302      0.7328907      0.3791808      1.0000000      0.0596290     -0.0948330
     -0.0747738     -0.1563101      0.0070909      0.0610213     -0.0826200     -0.1291227
     -0.1061446     -0.0396579      0.0193843      0.2015142     -0.1308366     -0.0351301
     -0.4349759      0.4893468      0.3344002      1.0000000     -0.0792850     -0.1491214
      0.0708275      0.0426871      0.0316984      0.2520152      0.0839442      0.0165002
     -0.1112825     -0.0234336      0.0127609      0.1037391     -0.1075272      0.0687245
      0.0407867     -0.0121408      0.0004235      0.0047461      0.0407517     -0.0102292
     -0.1650490      0.0209401      0.0015960      0.0139886     -0.1613055      0.0278085
      0.0991457      0.3130728      0.0176314      0.2130287      0.0965820     -0.1196941
      0.0710104     -0.0486917      0.0021149      0.0215665      0.0695225     -0.0354629
      0.0704623     -0.8123787      0.3602934      1.0000000     -0.1499608     -0.0509129
      0.0483940      0.0931534      0.0071937      0.0873756      0.0527606      0.0482502
     -0.2278229     -0.2191508      0.0020126      0.0156324     -0.2297539     -0.2145154
     -0.1360784     -0.0370690      0.0117925      0.1335208     -0.1106320     -0.0006221
     -0.1981031     -0.2303062      0.0208225      0.1976795     -0.2127578     -0.1827974
      0.1390908     -0.1033138      0.0050595      0.0391312      0.1319071     -0.1154185
     -0.0843815      0.0772492      0.0179395      0.1270614     -0.0725364      0.1187823
     -0.2740153      0.0175460      0.2813750      1.0000000     -0.0640746     -0.0854854
     -0.0841209      0.0427020      0.0021753      0.0193113     -0.0855996      0.0610718
     -0.0359682      0.0464730      0.0007916      0.0087632     -0.0364979      0.0570024
     -0.2819367     -0.0206862      0.0187907      0.2108143     -0.2390125      0.0211132
      0.1580269      0.1042916      0.0095847      0.1046091      0.1300099     -0.0418650
      0.1943311     -0.3823844      0.2115099      1.0000000      0.1906940      0.0615693
     -0.0373218     -0.0074056      0.0088645      0.0619662     -0.0453435     -0.0052890
     -0.0344238      0.0053446      0.0139307      0.1239978     -0.0261301      0.1595074
      0.3050807      0.1933341      0.0002106      0.0018987      0.3052426      0.1919841
      0.3895731     -0.7967786      0.3403652      1.0000000      0.1041496      0.0773686
      0.0317447      0.0074050      0.0016807      0.0167415      0.0338390     -0.0040355
      0.0013666      0.4369446      0.2442028      1.0000000     -0.0406842     -0.0282352
      0.0621722      0.3081511      0.0108057      0.1035410      0.0478312      0.1417404
      0.2865170      0.3133044      0.3285483      1.0000000      0.0021366     -0.0249003
      0.0608672      0.0204193      0.0221221      0.2779071      0.0131989      0.0226996
     -0.1168452     -0.4721596      0.0398142      0.4440727     -0.1742148      0.0333630
     -0.1618709      0.5779622      0.2763883      1.0000000     -0.0474873      0.0261986
      0.6664242      0.7660221      0.4324281      1.0000000     -0.0581941     -0.1586835
     -0.1053238      0.4302508      0.3424842      1.0000000     -0.0384058      0.0970340
      0.3626137      0.9780825      0.2453887      1.0000000     -0.0036794      0.1433051
     -0.1302610     -0.0145922      0.0159861      0.1736912     -0.1297614      0.0150400
     -0.0754101     -0.0851358      0.0003975      0.0037497     -0.0756980     -0.0867447
     -0.7578638     -0.4116206      0.3891620      1.0000000     -0.0888138     -0.0809453
      0.0393173     -0.1933070      0.0224637      0.1254985      0.0413321     -0.1054204
     -0.0299137      0.0810791      0.0061138      0.0772988     -0.0283604      0.0035645
     -0.0676808     -0.8746097      0.2511548      1.0000000      0.1142269      0.0192579
      0.1607802     -0.7950042      0.2335792      1.0000000     -0.0260239     -0.1157878
      0.0368585     -0.3455337      0.0186625      0.2013631      0.0404866     -0.0491983
      0.0747487      0.6593739      0.0219340      0.2493169      0.0414660     -0.0101199
      0.2000775      0.0121097      0.0011226      0.0121108      0.1998263     -0.0048859
      0.1248047      0.2901359      0.0133267      0.1222215      0.1179759      0.1386777
      0.1024290      0.0053032      0.0002901      0.0019777      0.1024473      0.0055018
      0.1349746      0.0190462      0.0073692      0.0731287      0.1388185      0.0156852
      0.2039745     -0.0854244      0.0002747      0.0032277      0.2041383     -0.0817662
      0.0195590      0.3489305      0.1887720      1.0000000     -0.1145070     -0.0502919
      0.0771172     -0.1559183      0.0006133      0.0082326      0.0775619     -0.1549456
     -0.0965369     -0.1405450      0.0002583      0.0023921     -0.0971350     -0.1422297
      0.0279973     -0.0687227      0.0222407      0.2244728      0.0186567      0.0202095
      0.0316567      0.1108895      0.0055944      0.0692388      0.0265678      0.2329331
      0.0043023      0.2814217      0.0004790      0.0044118      0.0034482      0.2815796
     -0.0082110     -0.2570443      0.0143203      0.1474219      0.0143363     -0.0892971
      0.0661470     -0.2486455      0.0318967      0.3814855      0.0789383     -0.0557545
      0.1321261      0.4940072      0.0357161      0.4813890      0.0577599      0.1311200
     -0.0989866     -0.0529080      0.3443262      1.0000000     -0.1952588     -0.0781597
     -0.0566506      0.1014938      0.0002757      0.0032392     -0.0570679      0.0982461
      0.0540939      0.0284558      0.0079640      0.0730439      0.0526728     -0.0881489
     -0.1554660     -0.0746747      0.0247805      0.3051799     -0.1125189     -0.0469694
     -0.2390785     -0.5118616      0.0321923      0.3416781     -0.2111082      0.0958310
      0.1324866      0.0291579      0.0007554      0.0078170      0.1317795      0.0182374
     -0.0501547     -0.3399327      0.0304447      0.3289830     -0.0347113      0.1123241
     -0.1195019      0.1586773      0.0006132      0.0065190     -0.1183726      0.1601408
      0.0036175     -0.3704560      0.0471103      0.5814592     -0.0155549      0.0442545
      0.1190884     -0.0019432      0.0011857      0.0083630      0.1188354      0.0036405
      0.1422387      0.2391928      0.2031698      1.0000000      0.0995448      0.0077425
      0.0829740     -0.0699320      0.0001745      0.0017222      0.0829986     -0.0689448
      0.0315755      0.0811966      0.0014419      0.0159906      0.0300682      0.0355747
      0.1437257     -0.1303067      0.0008006      0.0081698      0.1446065     -0.1195466
      0.0199297     -0.5226306      0.4010475      1.0000000     -0.0008415      0.0989698
     -0.1012318     -0.3685864      0.0220276      0.1536611     -0.1049871     -0.2202038
      0.0939664      0.3460308      0.0144575      0.1226148      0.0750745      0.2311879
      0.0429964     -0.0342519      0.0016246      0.0197371      0.0439198     -0.0509553
     -0.0164061     -0.0392869      0.0003937      0.0044647     -0.0158596     -0.0346362
     -0.1584290     -0.8268312      0.2690657      1.0000000      0.0540101      0.0639301
     -0.0297765     -0.1121992      0.0216874      0.1890650     -0.0408872     -0.0287455
      0.1365975      0.1726926      0.0252433      0.2604636      0.1176892     -0.0237089
     -0.1763601     -0.0499468      0.0012642      0.0154299     -0.1776945     -0.0542681
      0.1241226      0.0372877      0.0008577      0.0074151      0.1229819      0.0423273
      0.1098225     -0.0402657      0.0146943      0.1472273      0.1045989      0.0273183
     -0.0282159      0.0402891      0.0007777      0.0081459     -0.0273492      0.0413028
     -0.0536906     -0.0366272      0.0071412      0.0549053     -0.0495471     -0.0654863
      0.0184760     -0.7785753      0.1977495      1.0000000     -0.0061078     -0.0004871
     -0.1320540     -0.0650577      0.0021196      0.0275286     -0.1341425     -0.0633508
     -0.1135112     -0.9477283      0.1776066      1.0000000     -0.0601817     -0.0076832
      0.0310321      0.1353287      0.0186591      0.0922911      0.0479052      0.1204340
     -0.1191296     -0.0130742      0.0156753      0.1870486     -0.1223874      0.1014762
      0.0000730      0.0029253      0.0131239      0.1396885     -0.0061745      0.0011866
      0.1047836      0.4238561      0.0462221      0.3811659      0.0702751     -0.0548540
      0.2465591      0.6459082      0.2665798      1.0000000      0.0044548     -0.1536261
     -0.1299372     -0.0364017      0.0003725      0.0026355     -0.1300434     -0.0338208
     -0.0154343     -0.1364594      0.0262515      0.2259683      0.0156648     -0.2056788
      0.1955585      0.0615631      0.0026732      0.0355084      0.1964590      0.0545525
     -0.1504798     -0.1126181      0.0009006      0.0119074     -0.1506447     -0.1092584
     -0.1124820     -0.0524247      0.0204612      0.2167082     -0.0899307     -0.3356570
      0.8891351      0.0911212      0.4005491      1.0000000      0.0079407      0.0154482
      0.0205355      0.1368580      0.0100755      0.0987880      0.0021347      0.0476411
      0.2396551     -0.5710549      0.2882629      1.0000000      0.1842300     -0.0651945
     -0.0319168     -0.0179610      0.0007383      0.0074533     -0.0318346     -0.0255331
      0.2574612     -0.8558071      0.3351460      1.0000000     -0.0302600      0.0575651
     -0.0435753      0.3521653      0.0393627      0.4874600     -0.0644416      0.1082719
     -0.1396206     -0.0374645      0.0000163      0.0001420     -0.1396245     -0.0377302
      0.1376625      0.0806847      0.2991582      1.0000000      0.0384988      0.0699030
     -0.0026841      0.0458110      0.0003302      0.0033086     -0.0028150      0.0525018
     -0.0047105     -0.0020153      0.0145443      0.1744609      0.0270096     -0.0270867
      0.0361059     -0.0504970      0.0168450      0.1535179      0.0065904     -0.0724060
     -0.1627729      0.0570118      0.0009934      0.0130108     -0.1625516      0.0587909
      0.1061041      0.1427016      0.0012732      0.0111878      0.1049671      0.1339297
      0.0896633      0.1818209      0.0002765      0.0026409      0.0899166      0.1780389
      0.1080070      0.0510557      0.0423895      0.3344246      0.0832669      0.1263112
     -0.1676947      0.0624394      0.0011953      0.0131653     -0.1666735      0.0740244
     -0.0248411      0.0168275      0.0009704      0.0095220     -0.0250479      0.0131104
      0.0536171      0.2319344      0.0319507      0.3862446      0.0655630     -0.0939453
      0.2236023     -0.2896889      0.2708431      1.0000000      0.0329996     -0.0681499
      0.1074966     -0.0365741      0.0010575      0.0126179      0.1056733     -0.0528550
      0.0139171      0.2140070      0.0061989      0.0540981      0.0182625      0.1990435
     -0.0898989      0.2947543      0.0508042      0.4871231     -0.0769911     -0.1314429
      0.0185113     -0.1331195      0.0262056      0.2136392      0.0248700     -0.0165841
      0.1747183      0.0951422      0.0000437      0.0002577      0.1746938      0.0951028
      0.0106683      0.3257313      0.0204015      0.2301255     -0.0364658     -0.0520907
     -0.0243572      0.1313433      0.0468755      0.4974952     -0.0577271      0.0135823
      0.0884597     -0.0327126      0.0019245      0.0180787      0.0921721     -0.0431541
     -0.0600544     -0.4082019      0.0261537      0.2633280     -0.0552632      0.0548048
     -0.1661709     -0.1423565      0.0488326      0.5219988     -0.1566951      0.0670428
     -0.0672889      0.1156460      0.0136336      0.1486399     -0.0454329      0.1328122
     -0.3939246      0.6936161      0.3460317      1.0000000     -0.0263477      0.0786797
      0.1512644      0.0313346      0.0149219      0.1310906      0.1623809      0.1292183
      0.2680140      0.0101832      0.0130366      0.1032887      0.2643861      0.0189592
     -0.0422602     -0.1192198      0.2605661      1.0000000      0.1655423      0.0354404
      0.0736438      0.0913103      0.0008570      0.0108535      0.0739672      0.1168220
     -0.7505704     -0.8280256      0.2613353      1.0000000     -0.2027003      0.0139786
      0.0727807      0.0231436      0.0441837      0.4778339      0.0077192      0.0880252
     -0.1172534     -0.0748394      0.0014337      0.0123531     -0.1175687     -0.0735797
     -0.1271452     -0.0623171      0.0004043      0.0048067     -0.1273180     -0.0676489
     -0.1239775      0.1934002      0.0000024      0.0000310     -0.1239743      0.1934448
      0.0979905      0.2482882      0.0099285      0.0765078      0.1061188      0.1700485
     -0.1630085     -0.0539942      0.0002179      0.0018594     -0.1630161     -0.0514459
     -0.2357843      0.5835242      0.2036056      1.0000000     -0.1004755      0.0301849
      0.0632357      0.0689087      0.0170592      0.1421142      0.0651305      0.0010334
     -0.3290709      0.3358302      0.4167169      1.0000000     -0.0795467     -0.0101013
      0.1175584     -0.0331596      0.0015564      0.0177262      0.1183413     -0.0187765
      0.0504075      0.0590705      0.0133348      0.0922694      0.0574560      0.1070834
     -0.0006161      0.1011198      0.0001439      0.0021372     -0.0007620      0.1006207
     -0.0298789      0.0738765      0.0014522      0.0140589     -0.0327971      0.0669322
     -0.1547515      0.3099956      0.0025336      0.0208472     -0.1553065      0.2810667
      0.0171554      0.1340021      0.0065914      0.0478200      0.0156443      0.1128090
      0.9232075     -0.2475188      0.4114733      1.0000000      0.0152676     -0.0123878
     -0.0371270     -0.0627665      0.0009973      0.0131917     -0.0373173     -0.0632636
     -0.0099715      0.2672223      0.0060143      0.0600502     -0.0130508      0.1685401
      0.4389221      0.5654423      0.3528133      1.0000000     -0.1079833     -0.1493773
     -0.0926934     -0.1143350      0.0070030      0.0734953     -0.0911371     -0.0514629
     -0.0469986      0.0880262      0.0201307      0.1916463     -0.0262175      0.2027392
      0.2677510      0.4943801      0.4178061      1.0000000      0.1342879     -0.0542953
      0.0625170     -0.3958349      0.0298608      0.2734679      0.0527177     -0.0773011
     -0.5811430     -0.8985978      0.3797838      1.0000000     -0.1230978      0.0834857
      0.0499287     -0.1089681      0.0099154      0.0979493      0.0483822     -0.1421942
     -0.0041230      0.1221634      0.0130481      0.1770279      0.0042257      0.1049181
      0.0757466     -0.0792637      0.0064937      0.0795215      0.0628678      0.0306514
     -0.0755709     -0.0160782      0.0358768      0.4000329     -0.0762796      0.1149914
      0.0129549     -0.2853622      0.0177743      0.1360839      0.0058887     -0.1247293
      0.0463910     -0.2101334      0.0000267      0.0002890      0.0463989     -0.2097521
     -0.2351249     -0.1852816      0.4485794      1.0000000     -0.0258890     -0.0473870
      0.2183329      0.1777258      0.0011388      0.0131049      0.2184026      0.1588387
     -0.0813445      0.0703269      0.0121483      0.1099895     -0.0642876     -0.1549989
      0.1728094     -0.1243616      0.0000882      0.0007102      0.1728103     -0.1230441
      0.0994244      0.1675746      0.0007510      0.0058281      0.0997623      0.1594555
     -0.1164929      0.2616346      0.0303267      0.3269719     -0.1074101      0.0688582
     -0.1909719     -0.0315823      0.0017433      0.0090874     -0.1905122     -0.0298213
      0.0701395     -0.0826168      0.0109722      0.0944500      0.0783620     -0.0927873
     -0.0037885      0.0190619      0.0009414      0.0095550     -0.0048285      0.0158094
      0.0897824      0.2655146      0.0374467      0.4474348      0.0558124     -0.1526582
     -0.0934706      0.0050065      0.0074806      0.0556058     -0.1060267      0.0568333
     -0.0899298     -0.0431138      0.0015272      0.0156859     -0.0908588     -0.0603426
     -0.0277592      0.0190250      0.0379740      0.3796996     -0.0423758     -0.0398328
     -0.1294317     -0.4119858      0.3330685      1.0000000     -0.0076505     -0.0014474
     -0.0045873     -0.0785793      0.0014841      0.0145845     -0.0050975     -0.0811258
     -0.0033799      0.1449994      0.0000080      0.0001105     -0.0033748      0.1449866
      0.1847748     -0.0131952      0.0230234      0.1772798      0.2036585      0.0468343
      0.1691303     -0.6567866      0.4812629      1.0000000      0.0933056      0.0100025
      0.0516524     -0.3392752      0.0374788      0.5052342      0.0519222     -0.1708888
      0.2332530      0.1053498      0.0010897      0.0121207      0.2316489      0.1104916
      0.1966550      0.0305368      0.0003485      0.0032406      0.1972438      0.0324294
     -0.6142386      0.1911585      0.4196637      1.0000000     -0.1365843     -0.0318122
      0.0334157     -0.8621687      0.2389496      1.0000000     -0.0299621      0.0434847
      0.0054436      0.0073860      0.0011662      0.0090757      0.0062042      0.0062041
      0.1357818     -0.5335516      0.1896570      1.0000000     -0.0724409     -0.0111233
     -0.2225363      0.0246514      0.0011899      0.0129141     -0.2229882      0.0233972
      0.1616202     -0.1619864      0.0414124      0.4362211      0.0842701     -0.0494172
      0.0304540      0.1311844      0.0008250      0.0100608      0.0307789      0.1345657
     -0.0611275      0.0229560      0.0066836      0.0615732     -0.0772355      0.0191889
      0.1986778     -0.1602551      0.3789039      1.0000000      0.0645625      0.0768524
      0.0164707      0.0246078      0.0002141      0.0024251      0.0163179      0.0222543
     -0.0646333     -0.0263529      0.0080166      0.1064241     -0.0775397      0.1233634
      0.0080840      0.1542922      0.0014721      0.0161102      0.0064615      0.1147201
     -0.1208656     -0.3383368      0.0213207      0.2661935     -0.0919759     -0.0732711
     -0.0019917      0.1161863      0.0114749      0.1677238     -0.0160335     -0.1162233
     -0.1780404     -0.2292471      0.0002154      0.0021676     -0.1782746     -0.2277879
      0.0983156      0.0256104      0.0288825      0.3848989      0.1243585     -0.0708354
      0.0576345      0.0314300      0.0001375      0.0011636      0.0575089      0.0313222
      0.0310480      0.0396245      0.0006889      0.0097168      0.0300520      0.0303061
     -0.0623298     -0.3210735      0.0280839      0.2014886     -0.0611903     -0.1308919
     -0.0262861     -0.0147515      0.0011783      0.0118378     -0.0249010     -0.0104603
      0.0739549      0.0669301      0.0017738      0.0144968      0.0752569      0.0565008
      0.1711866      0.0405285      0.0002649      0.0019800      0.1712867      0.0386558
     -0.1034274      0.1476186      0.0000244      0.0002679     -0.1034592      0.1474432
      0.0594123     -0.0486791      0.0003984      0.0029961      0.0597070     -0.0500052
     -0.5763308      0.2734352      0.3949473      1.0000000     -0.0348656      0.0959173
     -0.1444696      0.0756747      0.0006015      0.0044705     -0.1441495      0.0765098
     -0.0153407      0.0116723      0.0054465      0.0593430     -0.0163134      0.0291577
     -0.1089779      0.0761566      0.0006222      0.0060598     -0.1075941      0.0754944
      0.0862025      0.0795794      0.0111215      0.0905469      0.1029275      0.0725875
      0.3536962     -0.8072251      0.3948799      1.0000000     -0.0672382     -0.0023059
     -0.0177460      0.0357353      0.0096011      0.0764361     -0.0205715     -0.0047563
      0.0843360     -0.0525947      0.0111942      0.1355463      0.0556584      0.0399665
      0.0186006     -0.1569644      0.0173579      0.1972964      0.0136767     -0.0348796
      0.1091839     -0.0254379      0.0008114      0.0056187      0.1093290     -0.0214470
     -0.0073130     -0.0390948      0.0006788      0.0038992     -0.0071678     -0.0427323
      0.1932701      0.0564109      0.0192833      0.1976092      0.2291259      0.0417112
     -0.0654725      0.1589402      0.0112341      0.1177436     -0.0628447      0.0183581
      0.1426496      0.1184773      0.0016071      0.0169698      0.1426251      0.1001049
     -0.0000109      0.2670241      0.3815337      1.0000000     -0.1594179      0.1508558
      0.2081078     -0.0346253      0.0004328      0.0036481      0.2082537     -0.0355157
     -0.0304545     -0.1807177      0.0203545      0.1592514     -0.0200940     -0.1433528
      0.0238837     -0.1152776      0.0105482      0.1005660      0.0343165     -0.0434090
     -0.1529175     -0.3048590      0.0353459      0.2570776     -0.1961013     -0.1067753
      0.0841307     -0.0202139      0.0015075      0.0195393      0.0856422      0.0156575
      0.1307564     -0.0454242      0.0011797      0.0124500      0.1308131     -0.0531502
     -0.0085578      0.0137485      0.0102668      0.1133144     -0.0221194     -0.0206454
      0.1360612      0.4569083      0.0471210      0.4322245      0.1394246      0.1998385
     -0.0621378     -0.1352814      0.0006773      0.0068076     -0.0626484     -0.1404210
      0.0450919      0.0706598      0.0409731      0.3299494      0.0001741     -0.0594072
     -0.1015947      0.0657721      0.0020029      0.0195519     -0.1025655      0.0846117
     -0.0017632     -0.0573017      0.0099479      0.1206482      0.0125022     -0.0947322
     -0.0766896     -0.4323534      0.0242322      0.1969571     -0.0810635     -0.1882182
     -0.2823089     -0.3587812      0.2392726      1.0000000     -0.0410842      0.1045747
     -0.1721552     -0.0883157      0.0008722      0.0066682     -0.1714264     -0.0933553
      0.0105668      0.0668411      0.0128797      0.1090524      0.0060191     -0.0002292
     -0.3249632     -0.2811951      0.1834843      1.0000000     -0.0917776      0.1358923
      0.6307980      0.2300110      0.3560670      1.0000000      0.0811704     -0.0650670
     -0.2825303      0.0034660      0.0013699      0.0158705     -0.2811058      0.0279883
      0.1577294     -0.1420329      0.0001253      0.0013260      0.1577181     -0.1433052
     -0.0320251     -0.0351887      0.0214610      0.2219738     -0.0184916      0.0410829
      0.0955326      0.2488076      0.0065412      0.0696710      0.0983302      0.1213104
     -0.1552547     -0.0320476      0.0091671      0.0896192     -0.1479287      0.0201754
      0.0239919      0.1182860      0.2612513      1.0000000     -0.1387564     -0.0821131
      0.1130772     -0.0171812      0.0119429      0.1464495      0.1102925     -0.0016001
      0.0364846      0.3839492      0.3640274      1.0000000     -0.0043420     -0.0658692
      0.1759287     -0.4431516      0.0417029      0.3776496      0.1427230     -0.0392232
     -0.1409026      0.1319411      0.0064342      0.0788432     -0.1485207     -0.0101162
     -0.0391859     -0.4200546      0.0179318      0.1915575     -0.0720297      0.0669354
     -0.0987159      0.1100959      0.0087239      0.0679175     -0.1100519      0.0801440
     -0.0827665      0.0647016      0.0000329      0.0002672     -0.0827589      0.0647994
      0.0184509      0.1534685      0.0300972      0.3002066     -0.0485415      0.0787196
      0.0658144     -0.1384480      0.0300624      0.2946791      0.0635759     -0.0302489
      0.0781515      0.5866895      0.0243783      0.2113759      0.0910367      0.0568768
     -0.0578040      0.1434885      0.0255735      0.2596321     -0.0788938      0.1018224
     -0.0320825     -0.0644279      0.0001335      0.0014744     -0.0320954     -0.0640525
      0.0374916     -0.1623543      0.0144108      0.1799053      0.0504346     -0.1592555
     -0.0862631     -0.1406207      0.0017150      0.0159731     -0.0847144     -0.1343486
      0.0104522     -0.0436906      0.0001298      0.0013738      0.0105425     -0.0435781
      0.0504695      0.0361141      0.0017211      0.0156605      0.0487058      0.0090584
      0.0574141      0.0032010      0.0006470      0.0037490      0.0572380      0.0011789
     -0.1761866     -0.0686120      0.0002147      0.0018314     -0.1766697     -0.0672908
      0.1985718      0.1117273      0.0214909      0.2107897      0.1855821     -0.1270836
      0.1300467     -0.1191776      0.0136099      0.0920052      0.1481219     -0.0395513
     -0.2147179     -0.1746320      0.0086210      0.0815740     -0.2217077     -0.1295718
      0.1285365     -0.9763365      0.2622840      1.0000000     -0.1355636      0.0110296
      0.0933912      0.0232376      0.0004204      0.0045314      0.0939883      0.0281833
      0.0645880      0.0598619      0.0006833      0.0087509      0.0633994      0.0634236
      0.5054619      0.5873976      0.3030445      1.0000000      0.1350521      0.1529567
     -0.1077094     -0.1472242      0.0011763      0.0143067     -0.1060291     -0.1235033
     -0.1759786      0.2434123      0.0014074      0.0171349     -0.1758758      0.2757091
      0.0259032     -0.0494170      0.0306582      0.3603507      0.0472491      0.0026917
      0.0787389      0.4934296      0.0234319      0.2286274      0.0607196     -0.0009830
     -0.0487034     -0.1957438      0.0059924      0.0531109     -0.0457743     -0.0472155
      0.0399980      0.1831144      0.0015494      0.0112715      0.0408305      0.1817134
     -0.1146684     -0.7977027      0.0376762      0.4280948     -0.0958569      0.0055674
     -0.1725061      0.0537426      0.0011332      0.0104531     -0.1705344      0.0647289
      0.0055671      0.0910468      0.0010911      0.0114089      0.0062106      0.0800144
      0.2877170     -0.6647873      0.3579080      1.0000000     -0.0865497     -0.0376872
      0.2494201      0.1821665      0.0009462      0.0080858      0.2483527      0.1806257
      0.0417283      0.8938908      0.3187589      1.0000000     -0.0263191      0.0053354
      0.1335819      0.0065172      0.0074435      0.0799484      0.1252915     -0.0101370
     -0.1064943     -0.2838577      0.0408573      0.4011892     -0.1200534      0.0620474
     -0.0695951      0.0614023      0.0072873      0.0352705     -0.0702735     -0.0000087
      0.2020802      0.0269944      0.0001660      0.0016890      0.2019755      0.0244306
     -0.6629481      0.7798214      0.3509280      1.0000000      0.1048043      0.0486731
     -0.0029024     -0.4937401      0.2561108      1.0000000      0.0416020      0.1368204
      0.0189785      0.0776622      0.0003154      0.0036305      0.0188648      0.0769971
      0.0105775      0.0293766      0.0219319      0.1624845      0.0179779      0.0176465
